-7.748964269330005550e+01
-7.599194504203080669e+01
-7.450696844943823294e+01
-7.303477431876821413e+01
-7.157542405326678647e+01
-7.012897905617981564e+01
-6.869550073075326679e+01
-6.727505048023309087e+01
-6.586768970786522459e+01
-6.447347981689559049e+01
-6.309248221057017503e+01
-6.172475829213488652e+01
-6.037036946483568300e+01
-5.902937713191849411e+01
-5.770184269662928500e+01
-5.638782756221397108e+01
-5.508739313191851750e+01
-5.380060080898884678e+01
-5.252751199667090987e+01
-5.126818809821066480e+01
-5.002269051685402701e+01
-4.879108065584695453e+01
-4.757341991843539120e+01
-4.636976970786527374e+01
-4.518019142738254601e+01
-4.400474648023315183e+01
-4.284349626966302793e+01
-4.169650219891813236e+01
-4.056382567124438765e+01
-3.944552808988775894e+01
-3.834167085809416875e+01
-3.725231537910956803e+01
-3.617752305617990061e+01
-3.511735529255110322e+01
-3.407187349146912680e+01
-3.304113905617990810e+01
-3.202521338992938382e+01
-3.102415789596351203e+01
-3.003803397752822235e+01
-2.906690303786946572e+01
-2.811082648023317887e+01
-2.716986570786530564e+01
-2.624408212401179341e+01
-2.533353713191857182e+01
-2.443829213483160245e+01
-2.355840853599681495e+01
-2.269394773866014958e+01
-2.184497114606755730e+01
-2.101154016146497838e+01
-2.019371618809835311e+01
-1.939156062921362533e+01
-1.860513488805673887e+01
-1.783450036787363402e+01
-1.707971847191025461e+01
-1.634085060341254447e+01
-1.561795816562644212e+01
-1.491110256179789317e+01
-1.422034519517284146e+01
-1.354574746899722726e+01
-1.288737078651699264e+01
-1.224527655097808143e+01
-1.161952616562643570e+01
-1.101018103370799750e+01
-1.041730255846871245e+01
-9.840952143154522602e+00
-9.281191191011364694e+00
-8.738081105285186112e+00
-8.211683289221928916e+00
-7.702059146067538720e+00
-7.209270079067951364e+00
-6.733377491469114240e+00
-6.274442786516968518e+00
-5.832527367457457146e+00
-5.407692637536521296e+00
-5.000000000000106581e+00
-4.599484404494488032e+00
-4.197169617977637657e+00
-3.794600269663031433e+00
-3.393320988764156887e+00
-2.994876404494493993e+00
-2.600811146067528057e+00
-2.212669842696740830e+00
-1.831997123595615617e+00
-1.460337617977636837e+00
-1.099235955056286462e+00
-7.502367640450476882e-01
-4.148846741574041541e-01
-9.472431460683888860e-02
2.086996853931658569e-01
4.938426966291256104e-01
7.591600898875581205e-01
1.003107235954980192e+00
1.224139505617908741e+00
1.420712269662860017e+00
1.591280898876351602e+00
1.734300764044899967e+00
1.848227235955022030e+00
1.931515685393234927e+00
1.982621483146055352e+00
2.000000000000000000e+00
1.999990740740740458e+00
1.999925925925925441e+00
1.999750000000000139e+00
1.999407407407406634e+00
1.998842592592591894e+00
1.998000000000000442e+00
1.996824074074074362e+00
1.995259259259259066e+00
1.993250000000000410e+00
1.990740740740741144e+00
1.987675925925926679e+00
1.984000000000001096e+00
1.979657407407409142e+00
1.974592592592594231e+00
1.968750000000001776e+00
1.962074074074076746e+00
1.954509259259262333e+00
1.946000000000003727e+00
1.936490740740744787e+00
1.925925925925930482e+00
1.914250000000005114e+00
1.901407407407412986e+00
1.887342592592598622e+00
1.872000000000006992e+00
1.855324074074081508e+00
1.837259259259267363e+00
1.817750000000009081e+00
1.796740740740750519e+00
1.774175925925936648e+00
1.750000000000011324e+00
1.724157407407419518e+00
1.696592592592605753e+00
1.667250000000014110e+00
1.636074074074089335e+00
1.603009259259275510e+00
1.568000000000017380e+00
1.530990740740759026e+00
1.491925925925945640e+00
1.450750000000020856e+00
1.407407407407429423e+00
1.361842592592615864e+00
1.314000000000024704e+00
1.263824074074100023e+00
1.211259259259286569e+00
1.156250000000029088e+00
1.098740740740771216e+00
1.038675925925957921e+00
9.760000000000336184e-01
9.106574074074427205e-01
8.425925925926295301e-01
7.717500000000387939e-01
6.980740740741145922e-01
6.215092592593016718e-01
5.420000000000443352e-01
4.594907407407869959e-01
3.739259259259742341e-01
2.852500000000503522e-01
1.934074074074598748e-01
9.834259259264721553e-02
5.684341886080747844e-14
