-7.748964269330006971e+01
-7.599194504203080669e+01
-7.450696844943821873e+01
-7.303477431876821413e+01
-7.157542405326680068e+01
-7.012897905617980143e+01
-6.869550073075325258e+01
-6.727505048023307666e+01
-6.586768970786522459e+01
-6.447347981689560470e+01
-6.309248221057017503e+01
-6.172475829213489362e+01
-6.037036946483569011e+01
-5.902937713191850833e+01
-5.770184269662927079e+01
-5.638782756221395687e+01
-5.508739313191851750e+01
-5.380060080898884678e+01
-5.252751199667090987e+01
-5.126818809821067191e+01
-5.002269051685402701e+01
-4.879108065584694742e+01
-4.757341991843538409e+01
-4.636976970786526664e+01
-4.518019142738255312e+01
-4.400474648023315893e+01
-4.284349626966302793e+01
-4.169650219891813947e+01
-4.056382567124438765e+01
-3.944552808988776604e+01
-3.834167085809416875e+01
-3.725231537910956803e+01
-3.617752305617990061e+01
-3.511735529255110322e+01
-3.407187349146913391e+01
-3.304113905617991520e+01
-3.202521338992938382e+01
-3.102415789596351914e+01
-3.003803397752822235e+01
-2.906690303786945861e+01
-2.811082648023317887e+01
-2.716986570786530564e+01
-2.624408212401178986e+01
-2.533353713191857182e+01
-2.443829213483160601e+01
-2.355840853599681495e+01
-2.269394773866014603e+01
-2.184497114606756085e+01
-2.101154016146497838e+01
-2.019371618809835667e+01
-1.939156062921362178e+01
-1.860513488805673887e+01
-1.783450036787363402e+01
-1.707971847191025816e+01
-1.634085060341254447e+01
-1.561795816562644390e+01
-1.491110256179789317e+01
-1.422034519517284323e+01
-1.354574746899723081e+01
-1.288737078651699264e+01
-1.224527655097807965e+01
-1.161952616562643747e+01
-1.101018103370799572e+01
-1.041730255846871422e+01
-9.840952143154522602e+00
-9.281191191011362918e+00
-8.738081105285187888e+00
-8.211683289221927140e+00
-7.702059146067538720e+00
-7.209270079067950476e+00
-6.733377491469115128e+00
-6.274442786516969406e+00
-5.832527367457458034e+00
-5.407692637536521296e+00
-5.000000000000106581e+00
-4.599484404494488921e+00
-4.197169617977636769e+00
-3.794600269663031433e+00
-3.393320988764156887e+00
-2.994876404494493993e+00
-2.600811146067528057e+00
-2.212669842696740830e+00
-1.831997123595615617e+00
-1.460337617977636615e+00
-1.099235955056286462e+00
-7.502367640450476882e-01
-4.148846741574042651e-01
-9.472431460683887472e-02
2.086996853931659124e-01
4.938426966291257214e-01
7.591600898875582315e-01
1.003107235954980192e+00
1.224139505617908963e+00
1.420712269662860239e+00
1.591280898876351824e+00
1.734300764044899967e+00
1.848227235955021808e+00
1.931515685393235149e+00
1.982621483146055130e+00
2.000000000000000000e+00
1.999990740740740680e+00
1.999925925925925441e+00
1.999750000000000139e+00
1.999407407407406634e+00
1.998842592592592116e+00
1.998000000000000664e+00
1.996824074074074362e+00
1.995259259259259066e+00
1.993250000000000188e+00
1.990740740740740922e+00
1.987675925925926901e+00
1.984000000000001318e+00
1.979657407407409142e+00
1.974592592592594231e+00
1.968750000000001332e+00
1.962074074074076746e+00
1.954509259259262333e+00
1.946000000000003727e+00
1.936490740740744787e+00
1.925925925925930482e+00
1.914250000000005114e+00
1.901407407407412986e+00
1.887342592592598844e+00
1.872000000000006992e+00
1.855324074074081953e+00
1.837259259259267363e+00
1.817750000000009525e+00
1.796740740740750741e+00
1.774175925925936870e+00
1.750000000000011102e+00
1.724157407407419296e+00
1.696592592592605531e+00
1.667250000000013888e+00
1.636074074074089335e+00
1.603009259259275510e+00
1.568000000000017380e+00
1.530990740740758804e+00
1.491925925925945640e+00
1.450750000000020856e+00
1.407407407407429423e+00
1.361842592592615864e+00
1.314000000000024704e+00
1.263824074074099801e+00
1.211259259259286347e+00
1.156250000000028866e+00
1.098740740740771216e+00
1.038675925925957921e+00
9.760000000000335074e-01
9.106574074074427205e-01
8.425925925926296411e-01
7.717500000000389049e-01
6.980740740741147032e-01
6.215092592593016718e-01
5.420000000000443352e-01
4.594907407407869959e-01
3.739259259259742896e-01
2.852500000000502967e-01
1.934074074074598748e-01
9.834259259264721553e-02
5.684341886080747844e-14
