0.000000000000000000e+00
1.177741515004527173e+00
3.389175422421794792e+01
6.126360999872122193e+01
6.891819958816086000e+01
7.288105697245919146e+01
1.021521135148614121e+02
1.288787286166043486e+02
1.362677494407307677e+02
1.409091134585814871e+02
1.893359890773317602e+02
1.939030036752283195e+02
2.017502412142457615e+02
2.051496332729730057e+02
2.504205343345493020e+02
2.567082492563713458e+02
2.718729130660431110e+02
2.906872085412505839e+02
3.099633847710883856e+02
3.179892572821590875e+02
3.390599699296762992e+02
3.608086961469725793e+02
3.693640914472216537e+02
4.032750180487892067e+02
4.090443392513989238e+02
4.260219309085641726e+02
4.482252635734439536e+02
4.667704220784962672e+02
4.851153155823103589e+02
4.927783499345350720e+02
5.281333254744859005e+02
5.633685961060564296e+02
5.526973059986376029e+02
5.758022208603106264e+02
5.842082255715322390e+02
6.129910203532890591e+02
6.283831766741204774e+02
7.224429282088913169e+02
9.570495772703688999e+02
