0.000000000000000000e+00
1.960689673923116105e+00
3.620672268187718146e+01
6.146477231327353508e+01
6.910415763475012341e+01
7.285621567985818103e+01
1.043906280402636213e+02
1.290449065777364126e+02
1.365118510413143724e+02
1.411170899887056294e+02
1.893146827604123246e+02
1.940730371301911816e+02
2.018647802318004381e+02
2.064550561526139063e+02
2.505179544848892021e+02
2.569299919065224458e+02
2.741894649607485803e+02
2.921272406634210483e+02
3.101388999564860569e+02
3.205868019594123552e+02
3.407720524693908146e+02
3.609859349500844701e+02
3.709632525167293124e+02
4.033978687826216856e+02
4.092669343334309815e+02
4.278866741124293185e+02
4.484193680295027775e+02
4.673846175723389251e+02
4.853212910197262318e+02
4.933961696971158517e+02
5.274718871665660345e+02
5.632675763511103924e+02
5.528694229659147368e+02
5.806558580198925483e+02
5.844440967425989584e+02
6.128050046761521799e+02
6.288080806040543393e+02
7.250327602254992598e+02
9.571802778404116907e+02
