-7.297131503049513412e+01
-6.714997224530608833e+01
-6.154057698053394176e+01
-5.614773457227968834e+01
-5.097605035664431483e+01
-4.603012966972887199e+01
-4.131457784763437502e+01
-3.683400022646183203e+01
-3.259300214231226533e+01
-2.859618893128669015e+01
-2.484816592948613589e+01
-2.135353847301160002e+01
-1.811691189796412260e+01
-1.514289154044470997e+01
-1.243608273655438090e+01
-1.000109082239415592e+01
-7.842521134065053801e+00
-5.964979007668092414e+00
-4.345458283357159779e+00
-2.779645538107345715e+00
-1.297742607285328198e+00
1.071196052265316334e-02
1.056179616730361204e+00
1.749121812751556426e+00
1.999999999999999334e+00
1.999407407407407300e+00
1.995259259259258400e+00
1.983999999999999320e+00
1.962074074074072971e+00
1.925925925925924487e+00
1.871999999999997888e+00
1.796740740740738085e+00
1.696592592592589321e+00
1.567999999999995620e+00
1.407407407407401667e+00
1.211259259259252374e+00
9.759999999999915410e-01
6.980740740740638550e-01
3.739259259259138379e-01
-1.421085471520203843e-14
