-7.297766095932243502e+01
-6.716248006879879995e+01
-6.155899511169403837e+01
-5.617174387127310098e+01
-5.100526413080093135e+01
-4.606409367354249440e+01
-4.135277028276274081e+01
-3.687583174172659994e+01
-3.263781583369901540e+01
-2.864326034194494852e+01
-2.489670304972935710e+01
-2.140268174031718118e+01
-1.816573419697336433e+01
-1.519039820296286436e+01
-1.248121154155062484e+01
-1.004271199600159648e+01
-7.879437349580724614e+00
-5.995925385552965281e+00
-4.370860895470879193e+00
-2.801168624746046554e+00
-1.314002108354545673e+00
1.683330097161317375e-04
1.050872378652832451e+00
1.747639707880896509e+00
1.999999999999999556e+00
1.999407407407407522e+00
1.995259259259257956e+00
1.983999999999999320e+00
1.962074074074072971e+00
1.925925925925924265e+00
1.871999999999997666e+00
1.796740740740738307e+00
1.696592592592589543e+00
1.567999999999995842e+00
1.407407407407401445e+00
1.211259259259252374e+00
9.759999999999917630e-01
6.980740740740639660e-01
3.739259259259138934e-01
-1.421085471520203527e-14
