0.000000000000000000e+00
2.245991180410783272e+00
4.164306548293825472e+01
6.245620988820701314e+01
7.052694768640503753e+01
7.262579642911077826e+01
1.026332617642965488e+02
1.300799406912374252e+02
1.378656280931245419e+02
1.416144551149209292e+02
1.827151431764159497e+02
1.952223271339535131e+02
2.034689377306003735e+02
2.064436105220611353e+02
2.515482438246017409e+02
2.581443475659652904e+02
2.788923026929369371e+02
3.003913108964225103e+02
3.113249215718533378e+02
3.197493507976469118e+02
3.508830955623470800e+02
3.621922794981146581e+02
3.715600593129438494e+02
4.045393992741446709e+02
4.105447643804473046e+02
4.222441676698235824e+02
4.496093919992617884e+02
4.600320697858824133e+02
4.863735034584260575e+02
4.974275568732482498e+02
5.204468913946693647e+02
5.505952200109531987e+02
5.552122289844228362e+02
5.840566395442656358e+02
6.014695686963768821e+02
6.060384510959593172e+02
6.296205286005024391e+02
7.785306100326561136e+02
9.629440018225177482e+02
9.677601387574941327e+02
