0.000000000000000000e+00
2.827531506237010106e+01
5.220215265655861003e+01
6.490119552681827031e+01
7.090296545976016773e+01
8.636717738766655827e+01
1.173172069638274451e+02
1.325205098427795747e+02
1.388744722922763799e+02
1.629045034208811558e+02
1.884977138057267325e+02
1.978189700530889183e+02
2.055416345097415558e+02
2.324294072441800267e+02
2.536929661484215046e+02
2.632300879577223895e+02
2.798155405551540866e+02
3.054694432052356206e+02
3.149231855628195262e+02
3.345621186633234174e+02
3.563720222080797839e+02
3.665142527999847744e+02
3.810206580289477643e+02
4.068935760441214597e+02
4.195173917202799316e+02
4.379023147939293494e+02
4.556588142231397569e+02
4.753684331337579465e+02
4.951381089732880127e+02
5.120644584199548035e+02
5.259840114324264277e+02
5.511491083718707387e+02
5.686344424186772812e+02
5.888217110059565584e+02
6.066720993678336527e+02
6.117948396601784680e+02
6.627314055049839681e+02
8.264432851168616025e+02
9.682454371057452818e+02
9.731160052168761467e+02
