0.000000000000000000e+00
3.839104218293505255e+01
5.788525234331791580e+01
6.553537838858756004e+01
7.112099181688063254e+01
8.216650184191348671e+01
1.256499547936264207e+02
1.331429787242850580e+02
1.392480129460336684e+02
1.625946283880311967e+02
1.908915139257351257e+02
1.981839497527889762e+02
2.057627162532699003e+02
2.479460305145785242e+02
2.538252444298641421e+02
2.632673468343618879e+02
2.788923026929369371e+02
3.074153739568928358e+02
3.161182958670451626e+02
3.401570800529661938e+02
3.585663390940362660e+02
3.669924965101145062e+02
3.845377951444770588e+02
4.070992859588732244e+02
4.165290699780107389e+02
4.469090592722277506e+02
4.543514775623189053e+02
4.842455087682265003e+02
4.941707023959515936e+02
5.164775138310451439e+02
5.264842437721044917e+02
5.509934649188335243e+02
5.700356488711822749e+02
5.840566395442656358e+02
6.065689125461613003e+02
6.126735144144731748e+02
6.545734678866920149e+02
8.352635238665570796e+02
9.696885560336149865e+02
9.745471951306608389e+02
