0.000000000000000000e+00
8.922500481418500939e+00
1.707908850436888315e+01
6.895400748822740411e+01
6.276355660912886236e+01
4.082496444012868153e+01
8.505381605171605486e+01
9.959476927687610726e+01
1.328804304717150444e+02
1.457789741751332144e+02
1.545667109742662433e+02
1.864812149691302636e+02
1.770529320860325129e+02
2.120047013613444449e+02
2.175721013576065275e+02
2.281405519625394049e+02
2.663093236635278913e+02
2.961138733468145574e+02
2.870669802751473867e+02
3.520125975500519644e+02
3.399886376194361333e+02
3.318893033727454167e+02
3.989600002317500298e+02
4.092284230772338560e+02
3.923426629463683639e+02
4.549085121473611935e+02
4.344897493201153225e+02
4.592465687894700750e+02
4.696165438241561674e+02
4.862211283985725458e+02
4.862629670333679428e+02
8.885118390945583542e+02
1.025470456058885929e+03
9.365557624669029337e+02
8.271570102585434370e+02
8.603233439751920741e+02
7.398194010299299634e+02
1.080507795240515179e+03
1.104307091552709835e+03
1.109152825520381612e+03
