0.000000000000000000e+00
6.716114783113880549e+00
1.528721836359727604e+01
6.876141143576205650e+01
6.207476938777108444e+01
3.463395026543548738e+01
8.329737946657041903e+01
9.685558227404726495e+01
1.331288676794356434e+02
1.440572809105851775e+02
1.483278359759951854e+02
1.861380439606436994e+02
1.764331878058746952e+02
2.060206526876281714e+02
2.134005754386289482e+02
2.263143534627033659e+02
2.606899781557804090e+02
2.951137054755017743e+02
2.868714633970848809e+02
3.512240215495930897e+02
3.391116796947044350e+02
3.306968506871180580e+02
3.834668442086331197e+02
3.978322081785536284e+02
3.828983053187639598e+02
4.550180761489391443e+02
4.350144705808415893e+02
4.543420485770220694e+02
4.671276263616055076e+02
4.796063901364123012e+02
4.825321077682438045e+02
9.267813707573277497e+02
1.026595549217368898e+03
9.473388026572392846e+02
8.062487913109744113e+02
8.771306657872883079e+02
7.444552453558626439e+02
1.078446085561055952e+03
1.102272642105464911e+03
1.107118342277473857e+03
