1.015000000000000000e+03 -6.487333556097765741e-02
1.016000000000000000e+03 1.511714519777140886e-02
1.017000000000000000e+03 8.807038799309768740e-02
1.018000000000000000e+03 1.619544909590608373e-01
1.019000000000000000e+03 2.367956226138730469e-01
1.020000000000000000e+03 3.126211519592148047e-01
1.021000000000000000e+03 3.894597130633393189e-01
1.022000000000000000e+03 4.673412730356045763e-01
1.023000000000000000e+03 5.504070841021980742e-01
1.024000000000000000e+03 6.291954638439237746e-01
1.025000000000000000e+03 7.091265490502455249e-01
1.026000000000000000e+03 7.902341270634193338e-01
1.027000000000000000e+03 8.751960470160847771e-01
1.028000000000000000e+03 9.587479480658712694e-01
1.029000000000000000e+03 1.043591728401484175e+00
1.030000000000000000e+03 1.141583589340839922e+00
1.031000000000000000e+03 1.228243527767832521e+00
1.032000000000000000e+03 1.316360143660795234e+00
1.033000000000000000e+03 1.405979676840899417e+00
1.034000000000000000e+03 1.497150385449329324e+00
1.035000000000000000e+03 1.589922635210092583e+00
1.036000000000000000e+03 1.699787740861211205e+00
1.037000000000000000e+03 1.794793054618818218e+00
1.038000000000000000e+03 1.891606713791226024e+00
1.039000000000000000e+03 1.990289341426143110e+00
1.040000000000000000e+03 2.091620321452782427e+00
1.041000000000000000e+03 2.219300528728497035e+00
1.042000000000000000e+03 2.322579128389485881e+00
1.043000000000000000e+03 2.428045742650397631e+00
1.044000000000000000e+03 2.535775872293884348e+00
1.045000000000000000e+03 2.645847628486208247e+00
1.046000000000000000e+03 2.785838217294152486e+00
1.047000000000000000e+03 2.898985527296295217e+00
1.048000000000000000e+03 3.006592718973092992e+00
1.049000000000000000e+03 3.123976357973562212e+00
1.050000000000000000e+03 3.281202897476727554e+00
1.051000000000000000e+03 3.401766616909886132e+00
1.052000000000000000e+03 3.525257088524995197e+00
1.053000000000000000e+03 3.651766546252167789e+00
1.054000000000000000e+03 3.829533626510785549e+00
1.055000000000000000e+03 3.959445182914517858e+00
1.056000000000000000e+03 4.092658710463602745e+00
1.057000000000000000e+03 4.235693551462423656e+00
1.058000000000000000e+03 4.436735820906597461e+00
1.059000000000000000e+03 4.577004621015835717e+00
1.060000000000000000e+03 4.720895332593640248e+00
1.061000000000000000e+03 4.946413723350493896e+00
1.062000000000000000e+03 5.093375996674445183e+00
1.063000000000000000e+03 5.244056463153453862e+00
1.064000000000000000e+03 5.495319445601737129e+00
1.065000000000000000e+03 5.648248772703841070e+00
1.066000000000000000e+03 5.804782429728238213e+00
1.067000000000000000e+03 5.905796503645865947e+00
1.068000000000000000e+03 6.238232972480078686e+00
1.069000000000000000e+03 6.451778003977308273e+00
1.070000000000000000e+03 6.711415309434650034e+00
1.071000000000000000e+03 6.870497920759447652e+00
1.072000000000000000e+03 6.997759504308750600e+00
1.073000000000000000e+03 7.324050480240299699e+00
1.074000000000000000e+03 7.543741004640192926e+00
1.075000000000000000e+03 7.543741004640192926e+00
1.076000000000000000e+03 7.970060190811149248e+00
1.077000000000000000e+03 8.089722504971636141e+00
1.078000000000000000e+03 8.433458490507360850e+00
1.079000000000000000e+03 8.635704005303079356e+00
1.080000000000000000e+03 8.879366782285405435e+00
1.081000000000000000e+03 9.035305529803869362e+00
1.082000000000000000e+03 9.161351208886614472e+00
1.083000000000000000e+03 9.422760050858979497e+00
1.084000000000000000e+03 9.684168892831346298e+00
1.085000000000000000e+03 9.873125535623682225e+00
1.086000000000000000e+03 9.945577734803711323e+00
1.087000000000000000e+03 1.016608653454496114e+01
1.088000000000000000e+03 1.021623867462689716e+01
1.089000000000000000e+03 1.026645866161956278e+01
1.090000000000000000e+03 1.031674633563133270e+01
1.091000000000000000e+03 1.036710159464200487e+01
1.092000000000000000e+03 1.041752439453997781e+01
1.093000000000000000e+03 1.046801474897327111e+01
1.094000000000000000e+03 1.051857272901929363e+01
1.095000000000000000e+03 1.051832233932308824e+01
1.096000000000000000e+03 1.056771187239045595e+01
1.097000000000000000e+03 1.061715152634344328e+01
1.098000000000000000e+03 1.066664136989354894e+01
1.099000000000000000e+03 1.071618151976037758e+01
1.100000000000000000e+03 1.076577213953224188e+01
1.101000000000000000e+03 1.081541343842980396e+01
1.102000000000000000e+03 1.086510566998630978e+01
1.103000000000000000e+03 1.091484913065761830e+01
1.104000000000000000e+03 1.096464415837560935e+01
1.105000000000000000e+03 1.101964494181604337e+01
1.106000000000000000e+03 1.106909973764136979e+01
1.107000000000000000e+03 1.111863775797304932e+01
1.108000000000000000e+03 1.116825812759984338e+01
1.109000000000000000e+03 1.121796001045344049e+01
1.110000000000000000e+03 1.126774261233333796e+01
1.111000000000000000e+03 1.131760518352114175e+01
1.112000000000000000e+03 1.136754702127317884e+01
1.113000000000000000e+03 1.141756747217997869e+01
1.114000000000000000e+03 1.146766593438310267e+01
1.115000000000000000e+03 1.151784185963883189e+01
1.116000000000000000e+03 1.156809475522024044e+01
1.117000000000000000e+03 1.156816725131276868e+01
1.118000000000000000e+03 1.161728472400933398e+01
1.119000000000000000e+03 1.166645976846280952e+01
1.120000000000000000e+03 1.171569193720514512e+01
1.121000000000000000e+03 1.176498083962199281e+01
1.122000000000000000e+03 1.181432614266213399e+01
1.123000000000000000e+03 1.186372757137054279e+01
1.124000000000000000e+03 1.191318490924591700e+01
1.125000000000000000e+03 1.196269799842531611e+01
1.126000000000000000e+03 1.201226673969840775e+01
1.127000000000000000e+03 1.206189109235660695e+01
1.128000000000000000e+03 1.211157107388239140e+01
1.129000000000000000e+03 1.216130675948581441e+01
1.130000000000000000e+03 1.221109828149660537e+01
1.131000000000000000e+03 1.226094582862062232e+01
1.132000000000000000e+03 1.231084964507090440e+01
1.133000000000000000e+03 1.236081002958465724e+01
1.134000000000000000e+03 1.241082733433751528e+01
1.135000000000000000e+03 1.246090196376765036e+01
1.136000000000000000e+03 1.251103437332298185e+01
1.137000000000000000e+03 1.256649519726094510e+01
1.138000000000000000e+03 1.261629130558489109e+01
1.139000000000000000e+03 1.261656228438540595e+01
1.140000000000000000e+03 1.266527105270841602e+01
1.141000000000000000e+03 1.271405001907588073e+01
1.142000000000000000e+03 1.276289838568079382e+01
1.143000000000000000e+03 1.281181540337532887e+01
1.144000000000000000e+03 1.286080037405540999e+01
1.145000000000000000e+03 1.290985265290584927e+01
1.146000000000000000e+03 1.295897165049550992e+01
1.147000000000000000e+03 1.300815683471437367e+01
1.148000000000000000e+03 1.305740773254368392e+01
1.149000000000000000e+03 1.310672393165133442e+01
1.150000000000000000e+03 1.315610508180677485e+01
1.151000000000000000e+03 1.320555089610846622e+01
1.152000000000000000e+03 1.325506115202086121e+01
1.153000000000000000e+03 1.330463569221599762e+01
1.154000000000000000e+03 1.335427442521818087e+01
1.155000000000000000e+03 1.340397732585077684e+01
1.156000000000000000e+03 1.345374443548492316e+01
1.157000000000000000e+03 1.350357586209185357e+01
1.158000000000000000e+03 1.355347178010216780e+01
1.159000000000000000e+03 1.360343243007512726e+01
1.160000000000000000e+03 1.360478197342828466e+01
1.161000000000000000e+03 1.365361373725835037e+01
1.162000000000000000e+03 1.370249381894576501e+01
1.163000000000000000e+03 1.375142248511761167e+01
1.164000000000000000e+03 1.380040005826297644e+01
1.165000000000000000e+03 1.384942691550508620e+01
1.166000000000000000e+03 1.389850348726435847e+01
1.167000000000000000e+03 1.394763025582441607e+01
1.168000000000000000e+03 1.399680775381379227e+01
1.169000000000000000e+03 1.404603656261603462e+01
1.170000000000000000e+03 1.410002933055341501e+01
1.171000000000000000e+03 1.414895444996281881e+01
1.172000000000000000e+03 1.419796108192277373e+01
1.173000000000000000e+03 1.424704869212336078e+01
1.174000000000000000e+03 1.429621679466730555e+01
1.175000000000000000e+03 1.434546495414688039e+01
1.176000000000000000e+03 1.439479278758320113e+01
1.177000000000000000e+03 1.439705728883345337e+01
1.178000000000000000e+03 1.444533216863949754e+01
1.179000000000000000e+03 1.449366832387809900e+01
1.180000000000000000e+03 1.454206540476150344e+01
1.181000000000000000e+03 1.459052311605143259e+01
1.182000000000000000e+03 1.463904121791481927e+01
1.183000000000000000e+03 1.468761952661754933e+01
1.184000000000000000e+03 1.473625791505412153e+01
1.185000000000000000e+03 1.478495631311360725e+01
1.186000000000000000e+03 1.483371470788351232e+01
1.187000000000000000e+03 1.488253314369253744e+01
1.188000000000000000e+03 1.493141172199683275e+01
1.189000000000000000e+03 1.498035060111285510e+01
1.190000000000000000e+03 1.502934999580348041e+01
1.191000000000000000e+03 1.507841017672273587e+01
1.192000000000000000e+03 1.512753146972726981e+01
1.193000000000000000e+03 1.517671425506299343e+01
1.194000000000000000e+03 1.522595896643568736e+01
1.195000000000000000e+03 1.522899037929952115e+01
1.196000000000000000e+03 1.527716350028558523e+01
1.197000000000000000e+03 1.532538345215938946e+01
1.198000000000000000e+03 1.537365064240504253e+01
1.199000000000000000e+03 1.542196552105199103e+01
1.200000000000000000e+03 1.547032857937898953e+01
1.201000000000000000e+03 1.552291065687518490e+01
1.202000000000000000e+03 1.557100854094331233e+01
1.203000000000000000e+03 1.561918167283094938e+01
1.204000000000000000e+03 1.566742949523373696e+01
1.205000000000000000e+03 1.571575149713229891e+01
1.206000000000000000e+03 1.576414721577823386e+01
1.207000000000000000e+03 1.581261623855825960e+01
1.208000000000000000e+03 1.586115820473029814e+01
1.209000000000000000e+03 1.590977280702496088e+01
1.210000000000000000e+03 1.595845979310710661e+01
1.211000000000000000e+03 1.600721896689318768e+01
1.212000000000000000e+03 1.605605018972016040e+01
1.213000000000000000e+03 1.605955468916454976e+01
1.214000000000000000e+03 1.610735621390103489e+01
1.215000000000000000e+03 1.615521288796826838e+01
1.216000000000000000e+03 1.620312461153052297e+01
1.217000000000000000e+03 1.625109134031613323e+01
1.218000000000000000e+03 1.629911308580978258e+01
1.219000000000000000e+03 1.634718991531198995e+01
1.220000000000000000e+03 1.639532195186939489e+01
1.221000000000000000e+03 1.644350937408117730e+01
1.222000000000000000e+03 1.649175241578800311e+01
1.223000000000000000e+03 1.654005136565027456e+01
1.224000000000000000e+03 1.658840656662283664e+01
1.225000000000000000e+03 1.663681841533538375e+01
1.226000000000000000e+03 1.668528736138644319e+01
1.227000000000000000e+03 1.673381390656112444e+01
1.228000000000000000e+03 1.673831834428186838e+01
1.229000000000000000e+03 1.678582091353307604e+01
1.230000000000000000e+03 1.678978013066951647e+01
1.231000000000000000e+03 1.683627218371752221e+01
1.232000000000000000e+03 1.683987304188933010e+01
1.233000000000000000e+03 1.688537267215532367e+01
1.234000000000000000e+03 1.688877920693310486e+01
1.235000000000000000e+03 1.693612293732310192e+01
1.236000000000000000e+03 1.693907752545737466e+01
1.237000000000000000e+03 1.698243340971145798e+01
1.238000000000000000e+03 1.702580133446437216e+01
1.239000000000000000e+03 1.702863587821763858e+01
1.240000000000000000e+03 1.707111029606188524e+01
1.241000000000000000e+03 1.706579934402840237e+01
1.242000000000000000e+03 1.710723733345124842e+01
1.243000000000000000e+03 1.710058376276721148e+01
1.244000000000000000e+03 1.715093469421343997e+01
1.245000000000000000e+03 1.714278905191695657e+01
1.246000000000000000e+03 1.718234560009441481e+01
1.247000000000000000e+03 1.722187093569484517e+01
1.248000000000000000e+03 1.721168206104801612e+01
1.249000000000000000e+03 1.725016561367780099e+01
1.250000000000000000e+03 1.725190049527106595e+01
1.251000000000000000e+03 1.728958168864580713e+01
1.252000000000000000e+03 1.732721619786077483e+01
1.253000000000000000e+03 1.736480383661897875e+01
1.254000000000000000e+03 1.740234446146540748e+01
1.255000000000000000e+03 1.740446883519236465e+01
1.256000000000000000e+03 1.744123475899460018e+01
1.257000000000000000e+03 1.742548596100906266e+01
1.258000000000000000e+03 1.746120704956736702e+01
1.259000000000000000e+03 1.749686984937173762e+01
1.260000000000000000e+03 1.753247446740367721e+01
1.261000000000000000e+03 1.756802104944155829e+01
1.262000000000000000e+03 1.757051729556291164e+01
1.263000000000000000e+03 1.760534654807158361e+01
1.264000000000000000e+03 1.764011395963692408e+01
1.265000000000000000e+03 1.762088665579732449e+01
1.266000000000000000e+03 1.765463153484900616e+01
1.267000000000000000e+03 1.768831122504326459e+01
1.268000000000000000e+03 1.772192612963620206e+01
1.269000000000000000e+03 1.775547668593848982e+01
1.270000000000000000e+03 1.778896336500766040e+01
1.271000000000000000e+03 1.779181530906409137e+01
1.272000000000000000e+03 1.782464633290547340e+01
1.273000000000000000e+03 1.785741136902746362e+01
1.274000000000000000e+03 1.783432635963021440e+01
1.275000000000000000e+03 1.786609836152574715e+01
1.276000000000000000e+03 1.789780305015974804e+01
1.277000000000000000e+03 1.792944111028647214e+01
1.278000000000000000e+03 1.796101325626262835e+01
1.279000000000000000e+03 1.799252023184341098e+01
1.280000000000000000e+03 1.799580943888447493e+01
1.281000000000000000e+03 1.802672390014795312e+01
1.282000000000000000e+03 1.805757237356756306e+01
1.283000000000000000e+03 1.803099044861872002e+01
1.284000000000000000e+03 1.806088801885188033e+01
1.285000000000000000e+03 1.809071992996559786e+01
1.286000000000000000e+03 1.812048709956392756e+01
1.287000000000000000e+03 1.815019047124692619e+01
1.288000000000000000e+03 1.817983101449160799e+01
1.289000000000000000e+03 1.818363289058153143e+01
1.290000000000000000e+03 1.821274334799590378e+01
1.291000000000000000e+03 1.824179113112568729e+01
1.292000000000000000e+03 1.827077726708724725e+01
1.293000000000000000e+03 1.824020819024880069e+01
1.294000000000000000e+03 1.826828903971432538e+01
1.295000000000000000e+03 1.829739582795209429e+01
1.296000000000000000e+03 1.832560860303259886e+01
1.297000000000000000e+03 1.829311749658501896e+01
1.298000000000000000e+03 1.832019910199580437e+01
1.299000000000000000e+03 1.834722584207676022e+01
1.300000000000000000e+03 1.837419882541895433e+01
1.301000000000000000e+03 1.837859078418709302e+01
1.302000000000000000e+03 1.840512423378845241e+01
1.303000000000000000e+03 1.843160475837832379e+01
1.304000000000000000e+03 1.845803352803131148e+01
1.305000000000000000e+03 1.848441173795857040e+01
1.306000000000000000e+03 1.851074060820139167e+01
1.307000000000000000e+03 1.853702138333303040e+01
1.308000000000000000e+03 1.856325533216986301e+01
1.309000000000000000e+03 1.852914228802979224e+01
1.310000000000000000e+03 1.855458656143764884e+01
1.311000000000000000e+03 1.857998704701516957e+01
1.312000000000000000e+03 1.860534509931239100e+01
1.313000000000000000e+03 1.861080705552652503e+01
1.314000000000000000e+03 1.863579207621544143e+01
1.315000000000000000e+03 1.866073617387469952e+01
1.316000000000000000e+03 1.868564073154350424e+01
1.317000000000000000e+03 1.871050715140794196e+01
1.318000000000000000e+03 1.873533685461184817e+01
1.319000000000000000e+03 1.876013128108127148e+01
1.320000000000000000e+03 1.878489188936197252e+01
1.321000000000000000e+03 1.880962015647025964e+01
1.322000000000000000e+03 1.883431757775798587e+01
1.323000000000000000e+03 1.885898566679178145e+01
1.324000000000000000e+03 1.882110036295466671e+01
1.325000000000000000e+03 1.882764804286682647e+01
1.326000000000000000e+03 1.885131257774617097e+01
1.327000000000000000e+03 1.887495039399935592e+01
1.328000000000000000e+03 1.889856300499364750e+01
1.329000000000000000e+03 1.892215193902777415e+01
1.330000000000000000e+03 1.894571873927730010e+01
1.331000000000000000e+03 1.896926496375370519e+01
1.332000000000000000e+03 1.899279218527646762e+01
1.333000000000000000e+03 1.901630199145867195e+01
1.334000000000000000e+03 1.903979598470641221e+01
1.335000000000000000e+03 1.906327578223158170e+01
1.336000000000000000e+03 1.908674301607878121e+01
1.337000000000000000e+03 1.909484298660005308e+01
1.338000000000000000e+03 1.911805144589865435e+01
1.339000000000000000e+03 1.914124936263254639e+01
1.340000000000000000e+03 1.909997520246983171e+01
1.341000000000000000e+03 1.912252879631173741e+01
1.342000000000000000e+03 1.914507583155811332e+01
1.343000000000000000e+03 1.916761793288889848e+01
1.344000000000000000e+03 1.919015673759696128e+01
1.345000000000000000e+03 1.921269389569075869e+01
1.346000000000000000e+03 1.923523107001004107e+01
1.347000000000000000e+03 1.919191562271602081e+01
1.348000000000000000e+03 1.921384650963926433e+01
1.349000000000000000e+03 1.923578140478320719e+01
1.350000000000000000e+03 1.925772197459349044e+01
1.351000000000000000e+03 1.926687654785477477e+01
1.352000000000000000e+03 1.928862790930216065e+01
1.353000000000000000e+03 1.931038705310582060e+01
1.354000000000000000e+03 1.933215562976602797e+01
1.355000000000000000e+03 1.935393530135019802e+01
1.356000000000000000e+03 1.937572774168699397e+01
1.357000000000000000e+03 1.939753463657240928e+01
1.358000000000000000e+03 1.935431514725588187e+01
1.359000000000000000e+03 1.937558094264361586e+01
1.360000000000000000e+03 1.939686493468219197e+01
1.361000000000000000e+03 1.941816880311171900e+01
1.362000000000000000e+03 1.943949423957452183e+01
1.363000000000000000e+03 1.946084294788085600e+01
1.364000000000000000e+03 1.948221664428799826e+01
1.365000000000000000e+03 1.949276953168921622e+01
1.366000000000000000e+03 1.951400973441735331e+01
1.367000000000000000e+03 1.953527706211438542e+01
1.368000000000000000e+03 1.955657321438649277e+01
1.369000000000000000e+03 1.957789990322975981e+01
1.370000000000000000e+03 1.959925885334821416e+01
1.371000000000000000e+03 1.962065180248536578e+01
1.372000000000000000e+03 1.964208050176998555e+01
1.373000000000000000e+03 1.966355790384487889e+01
1.374000000000000000e+03 1.968506235841120500e+01
1.375000000000000000e+03 1.970660799248281947e+01
1.376000000000000000e+03 1.966140211612587407e+01
1.377000000000000000e+03 1.968246672252159968e+01
1.378000000000000000e+03 1.970357576513653797e+01
1.379000000000000000e+03 1.971554450319982621e+01
1.380000000000000000e+03 1.973657176369828292e+01
1.381000000000000000e+03 1.975764563738841062e+01
1.382000000000000000e+03 1.977876787625301702e+01
1.383000000000000000e+03 1.979994024728832258e+01
1.384000000000000000e+03 1.982116453292838187e+01
1.385000000000000000e+03 1.984244253148614590e+01
1.386000000000000000e+03 1.986377605761163068e+01
1.387000000000000000e+03 1.988516694276729879e+01
1.388000000000000000e+03 1.990661703572098418e+01
1.389000000000000000e+03 1.992812820305752552e+01
1.390000000000000000e+03 1.994970232970824497e+01
1.391000000000000000e+03 1.997134131949992764e+01
1.392000000000000000e+03 1.999304709572314209e+01
1.393000000000000000e+03 1.994674300137063483e+01
1.394000000000000000e+03 1.996034102609444005e+01
1.395000000000000000e+03 1.998151808963619658e+01
1.396000000000000000e+03 2.000276329615255122e+01
1.397000000000000000e+03 2.002407850374617126e+01
1.398000000000000000e+03 2.004546558965602188e+01
1.399000000000000000e+03 1.999771465555961925e+01
1.400000000000000000e+03 2.001868900292118170e+01
1.401000000000000000e+03 2.003973773341784081e+01
1.402000000000000000e+03 2.006086271589116521e+01
1.403000000000000000e+03 2.008206583953238678e+01
1.404000000000000000e+03 2.010334901452173639e+01
1.405000000000000000e+03 2.012471417268863050e+01
1.406000000000000000e+03 2.014616326819123415e+01
1.407000000000000000e+03 2.016769827821775252e+01
1.408000000000000000e+03 2.018932120370900307e+01
1.409000000000000000e+03 2.021103407010351205e+01
1.410000000000000000e+03 2.015892434034208591e+01
1.411000000000000000e+03 2.018011444203114380e+01
1.412000000000000000e+03 2.020139339791532862e+01
1.413000000000000000e+03 2.022276315161649407e+01
1.414000000000000000e+03 2.024422567055274769e+01
1.415000000000000000e+03 2.026578294667742242e+01
1.416000000000000000e+03 2.028743699723943550e+01
1.417000000000000000e+03 2.030918986556632788e+01
1.418000000000000000e+03 2.033104362187016179e+01
1.419000000000000000e+03 2.035300036407770463e+01
1.420000000000000000e+03 2.037506221868488510e+01
1.421000000000000000e+03 2.039723134163687490e+01
1.422000000000000000e+03 2.041950991923458503e+01
1.423000000000000000e+03 2.044190016906819807e+01
1.424000000000000000e+03 2.046440434097896599e+01
1.425000000000000000e+03 2.048702471805007264e+01
1.426000000000000000e+03 2.043614318723115275e+01
1.427000000000000000e+03 2.045827483952062664e+01
1.428000000000000000e+03 2.048052103060518192e+01
1.429000000000000000e+03 2.050288396175272965e+01
1.430000000000000000e+03 2.045641666388462454e+01
1.431000000000000000e+03 2.047845166939499251e+01
1.432000000000000000e+03 2.050060509969149081e+01
1.433000000000000000e+03 2.052287916484850427e+01
1.434000000000000000e+03 2.054527610835661022e+01
1.435000000000000000e+03 2.056779820811065562e+01
1.436000000000000000e+03 2.059044777742560584e+01
1.437000000000000000e+03 2.061322716608222905e+01
1.438000000000000000e+03 2.063613876140214742e+01
1.439000000000000000e+03 2.065918498935451098e+01
1.440000000000000000e+03 2.068236831569486966e+01
1.441000000000000000e+03 2.063836114552369949e+01
1.442000000000000000e+03 2.065699600944508418e+01
1.443000000000000000e+03 2.067988057525969126e+01
1.444000000000000000e+03 2.070290267114251392e+01
1.445000000000000000e+03 2.072606472370318542e+01
1.446000000000000000e+03 2.074936919947167624e+01
1.447000000000000000e+03 2.077281860602805708e+01
1.448000000000000000e+03 2.079641549316334803e+01
1.449000000000000000e+03 2.082016245407251276e+01
1.450000000000000000e+03 2.084406212658012336e+01
1.451000000000000000e+03 2.086811719440064294e+01
1.452000000000000000e+03 2.089233038843340395e+01
1.453000000000000000e+03 2.084899132733334781e+01
1.454000000000000000e+03 2.087292730642968408e+01
1.455000000000000000e+03 2.089792473553532304e+01
1.456000000000000000e+03 2.092218924414261849e+01
1.457000000000000000e+03 2.087846864340187025e+01
1.458000000000000000e+03 2.090246417496780751e+01
1.459000000000000000e+03 2.092662337980879883e+01
1.460000000000000000e+03 2.094749138138718081e+01
1.461000000000000000e+03 2.097184495451258357e+01
1.462000000000000000e+03 2.099636671353624706e+01
1.463000000000000000e+03 2.102105947501113548e+01
1.464000000000000000e+03 2.104592610536037967e+01
1.465000000000000000e+03 2.107096952214413932e+01
1.466000000000000000e+03 2.109619269535553343e+01
1.467000000000000000e+03 2.105566528429027784e+01
1.468000000000000000e+03 2.108064823022609602e+01
1.469000000000000000e+03 2.110581213158581804e+01
1.470000000000000000e+03 2.113115997942172086e+01
1.471000000000000000e+03 2.115669481822879661e+01
1.472000000000000000e+03 2.118241974720779197e+01
1.473000000000000000e+03 2.120833792155049125e+01
1.474000000000000000e+03 2.123445255374811680e+01
1.475000000000000000e+03 2.126076691492197668e+01
1.476000000000000000e+03 2.122124665391350717e+01
1.477000000000000000e+03 2.124452057578124808e+01
1.478000000000000000e+03 2.127067060775751983e+01
1.479000000000000000e+03 2.129820944999478982e+01
1.480000000000000000e+03 2.125826505587234649e+01
1.481000000000000000e+03 2.128439621125417247e+01
1.482000000000000000e+03 2.131072792352810907e+01
1.483000000000000000e+03 2.133726334148293446e+01
1.484000000000000000e+03 2.136400566548553925e+01
1.485000000000000000e+03 2.139095814830691111e+01
1.486000000000000000e+03 2.141812409593917366e+01
1.487000000000000000e+03 2.144550686840161902e+01
1.488000000000000000e+03 2.147310988053320457e+01
1.489000000000000000e+03 2.143679378073120390e+01
1.490000000000000000e+03 2.146419776272690072e+01
1.491000000000000000e+03 2.149182244320213186e+01
1.492000000000000000e+03 2.151967120154893820e+01
1.493000000000000000e+03 2.154774746771957439e+01
1.494000000000000000e+03 2.157605472261637658e+01
1.495000000000000000e+03 2.160226091575269436e+01
1.496000000000000000e+03 2.156621606696818816e+01
1.497000000000000000e+03 2.159441786019041132e+01
1.498000000000000000e+03 2.162284934177767326e+01
1.499000000000000000e+03 2.158898275226770380e+01
1.500000000000000000e+03 2.161723048919985501e+01
1.501000000000000000e+03 2.164570733278998915e+01
1.502000000000000000e+03 2.167441643304023913e+01
1.503000000000000000e+03 2.170336097026189393e+01
1.504000000000000000e+03 2.173254415430335840e+01
1.505000000000000000e+03 2.176196922369874542e+01
1.506000000000000000e+03 2.172912405929359991e+01
1.507000000000000000e+03 2.175925368657657444e+01
1.508000000000000000e+03 2.178874321080877152e+01
1.509000000000000000e+03 2.175550756799627194e+01
1.510000000000000000e+03 2.178480694826258812e+01
1.511000000000000000e+03 2.181434447125467457e+01
1.512000000000000000e+03 2.184412294558429224e+01
1.513000000000000000e+03 2.187414518230969307e+01
1.514000000000000000e+03 2.190253651195126494e+01
1.515000000000000000e+03 2.187235987980723806e+01
1.516000000000000000e+03 2.190231041168233972e+01
1.517000000000000000e+03 2.193249931188471535e+01
1.518000000000000000e+03 2.190229132567896997e+01
1.519000000000000000e+03 2.193229003039722969e+01
1.520000000000000000e+03 2.196252262443671910e+01
1.521000000000000000e+03 2.199299114015934364e+01
1.522000000000000000e+03 2.196509040770243715e+01
1.523000000000000000e+03 2.199537622089278344e+01
1.524000000000000000e+03 2.202589249893641821e+01
1.525000000000000000e+03 2.205664087200867840e+01
1.526000000000000000e+03 2.208762292405883443e+01
1.527000000000000000e+03 2.206033643316165183e+01
1.528000000000000000e+03 2.209111890727693606e+01
1.529000000000000000e+03 2.212305340837013290e+01
1.530000000000000000e+03 2.209531248735009967e+01
1.531000000000000000e+03 2.212611166808777341e+01
1.532000000000000000e+03 2.215712926003786976e+01
1.533000000000000000e+03 2.218836621142749976e+01
1.534000000000000000e+03 2.216133038338946193e+01
1.535000000000000000e+03 2.219221053539785515e+01
1.536000000000000000e+03 2.216617371403146564e+01
1.537000000000000000e+03 2.219681282846850578e+01
1.538000000000000000e+03 2.222764697038224924e+01
1.539000000000000000e+03 2.220310746653403910e+01
1.540000000000000000e+03 2.223369626010591915e+01
1.541000000000000000e+03 2.220859457296975492e+01
1.542000000000000000e+03 2.223892087142265339e+01
1.543000000000000000e+03 2.226942068469969271e+01
1.544000000000000000e+03 2.224592652285926064e+01
1.545000000000000000e+03 2.227615959473591190e+01
1.546000000000000000e+03 2.225188460681941294e+01
1.547000000000000000e+03 2.228288204851987686e+01
1.548000000000000000e+03 2.225829762501127007e+01
1.549000000000000000e+03 2.228874275384336201e+01
1.550000000000000000e+03 2.231973825081566432e+01
1.551000000000000000e+03 2.229682842410271704e+01
1.552000000000000000e+03 2.233217583472003653e+01
1.553000000000000000e+03 2.231524008542323045e+01
1.554000000000000000e+03 2.234763232329839511e+01
1.555000000000000000e+03 2.232518073796388691e+01
1.556000000000000000e+03 2.235065879720137971e+01
1.557000000000000000e+03 2.238566015006335519e+01
1.558000000000000000e+03 2.241681403319510579e+01
1.559000000000000000e+03 2.244258257866888684e+01
1.560000000000000000e+03 2.248557749380007564e+01
1.561000000000000000e+03 2.251177326110399335e+01
1.562000000000000000e+03 2.253789534324953436e+01
1.563000000000000000e+03 2.258268189370140533e+01
1.564000000000000000e+03 2.260924400846197102e+01
1.565000000000000000e+03 2.263572879984521080e+01
1.566000000000000000e+03 2.266214391350905544e+01
1.567000000000000000e+03 2.270796216406049695e+01
1.568000000000000000e+03 2.273485467061560428e+01
1.569000000000000000e+03 2.276167213899620734e+01
1.570000000000000000e+03 2.278842343678870819e+01
1.571000000000000000e+03 2.283697440300718640e+01
1.572000000000000000e+03 2.286437797947885642e+01
1.573000000000000000e+03 2.289170370428670864e+01
1.574000000000000000e+03 2.291896276727021942e+01
1.575000000000000000e+03 2.294616459431449940e+01
1.576000000000000000e+03 2.299520224921573330e+01
1.577000000000000000e+03 2.302310586629907263e+01
1.578000000000000000e+03 2.305093763518837235e+01
1.579000000000000000e+03 2.307871002147724582e+01
1.580000000000000000e+03 2.310643346455393399e+01
1.581000000000000000e+03 2.315634009725297204e+01
1.582000000000000000e+03 2.318481847844617505e+01
1.583000000000000000e+03 2.321323037712074466e+01
1.584000000000000000e+03 2.324159006073820422e+01
1.585000000000000000e+03 2.326990937296405093e+01
1.586000000000000000e+03 2.332119917125434583e+01
1.587000000000000000e+03 2.335035702335391150e+01
1.588000000000000000e+03 2.337945308875992723e+01
1.589000000000000000e+03 2.340850405635650233e+01
1.590000000000000000e+03 2.343752438013141770e+01
1.591000000000000000e+03 2.346652393116410806e+01
1.592000000000000000e+03 2.351818117731732016e+01
1.593000000000000000e+03 2.354811689457541846e+01
1.594000000000000000e+03 2.357800973975554726e+01
1.595000000000000000e+03 2.360787678225239361e+01
1.596000000000000000e+03 2.363773205143413136e+01
1.597000000000000000e+03 2.369138533226174559e+01
1.598000000000000000e+03 2.372226781926624994e+01
1.599000000000000000e+03 2.375311070365307842e+01
1.600000000000000000e+03 2.378393501024337553e+01
1.601000000000000000e+03 2.381475776691152646e+01
1.602000000000000000e+03 2.384559304221128784e+01
1.603000000000000000e+03 2.387645268728565284e+01
1.604000000000000000e+03 2.392948443866855612e+01
1.605000000000000000e+03 2.396144928273824704e+01
1.606000000000000000e+03 2.399341513095332701e+01
1.607000000000000000e+03 2.402540074999172859e+01
1.608000000000000000e+03 2.405742161781749999e+01
1.609000000000000000e+03 2.408949076755267171e+01
1.610000000000000000e+03 2.414371069541504156e+01
1.611000000000000000e+03 2.417695129028560430e+01
1.612000000000000000e+03 2.421021846727597548e+01
1.613000000000000000e+03 2.424353262048027347e+01
1.614000000000000000e+03 2.427691055911539308e+01
1.615000000000000000e+03 2.431036644387537393e+01
1.616000000000000000e+03 2.436620829881578487e+01
1.617000000000000000e+03 2.440094753199815258e+01
1.618000000000000000e+03 2.443574527288341969e+01
1.619000000000000000e+03 2.447062342125065371e+01
1.620000000000000000e+03 2.450560005946993059e+01
1.621000000000000000e+03 2.454069672961877657e+01
1.622000000000000000e+03 2.459854147108193345e+01
1.623000000000000000e+03 2.463506910284361240e+01
1.624000000000000000e+03 2.467169294422964398e+01
1.625000000000000000e+03 2.470843681330606145e+01
1.626000000000000000e+03 2.474532048701098219e+01
1.627000000000000000e+03 2.478236080191217638e+01
1.628000000000000000e+03 2.484250347088628530e+01
1.629000000000000000e+03 2.488115492455135325e+01
1.630000000000000000e+03 2.491994878339863106e+01
1.631000000000000000e+03 2.495891141142671543e+01
1.632000000000000000e+03 2.499806483226129572e+01
1.633000000000000000e+03 2.503742794071224509e+01
1.634000000000000000e+03 2.507701735564453926e+01
1.635000000000000000e+03 2.513774528612676917e+01
1.636000000000000000e+03 2.517898587273288413e+01
1.637000000000000000e+03 2.522045359377043994e+01
1.638000000000000000e+03 2.526217318268763634e+01
1.639000000000000000e+03 2.530416601889207229e+01
1.640000000000000000e+03 2.534645106795142055e+01
1.641000000000000000e+03 2.541084129753185294e+01
1.642000000000000000e+03 2.545503758601454081e+01
1.643000000000000000e+03 2.549953666767125426e+01
1.644000000000000000e+03 2.554436620497563482e+01
1.645000000000000000e+03 2.558955045964799169e+01
1.646000000000000000e+03 2.563515369795608834e+01
1.647000000000000000e+03 2.570384421037765676e+01
1.648000000000000000e+03 2.575165163587277206e+01
1.649000000000000000e+03 2.579985874180523453e+01
1.650000000000000000e+03 2.584849750094670284e+01
1.651000000000000000e+03 2.589759645091001516e+01
1.652000000000000000e+03 2.594718175055264453e+01
1.653000000000000000e+03 2.602005229557331845e+01
1.654000000000000000e+03 2.607216323954789416e+01
1.655000000000000000e+03 2.612480228257118497e+01
1.656000000000000000e+03 2.617800644260735154e+01
1.657000000000000000e+03 2.623180949246273386e+01
1.658000000000000000e+03 2.628624303244094662e+01
1.659000000000000000e+03 2.636378155844726834e+01
1.660000000000000000e+03 2.642103337870465651e+01
1.661000000000000000e+03 2.647898367933522223e+01
1.662000000000000000e+03 2.653767507255415836e+01
1.663000000000000000e+03 2.659714754666223868e+01
1.664000000000000000e+03 2.665743947926130986e+01
1.665000000000000000e+03 2.674268941544611167e+01
1.666000000000000000e+03 2.680642732230107939e+01
1.667000000000000000e+03 2.687109253016441457e+01
1.668000000000000000e+03 2.693673705262142803e+01
1.669000000000000000e+03 2.700341110499944364e+01
1.670000000000000000e+03 2.707116406854069623e+01
1.671000000000000000e+03 2.716588518184583378e+01
1.672000000000000000e+03 2.723803063832665217e+01
1.673000000000000000e+03 2.731141992533787644e+01
1.674000000000000000e+03 2.738612113092694855e+01
1.675000000000000000e+03 2.746220153466230940e+01
1.676000000000000000e+03 2.756589986688997840e+01
1.677000000000000000e+03 2.764691756854623605e+01
1.678000000000000000e+03 2.772953054388378646e+01
1.679000000000000000e+03 2.781522010598265027e+01
1.680000000000000000e+03 2.790118307941673592e+01
1.681000000000000000e+03 2.801791649230416326e+01
1.682000000000000000e+03 2.810997643197394069e+01
1.683000000000000000e+03 2.820411590645197819e+01
1.684000000000000000e+03 2.830045052409843365e+01
1.685000000000000000e+03 2.839909736051537337e+01
1.686000000000000000e+03 2.850017616520024788e+01
1.687000000000000000e+03 2.864092115119650117e+01
1.688000000000000000e+03 2.874976748352482403e+01
1.689000000000000000e+03 2.886151586287195769e+01
1.690000000000000000e+03 2.897632461009904503e+01
1.691000000000000000e+03 2.909435588733706979e+01
1.692000000000000000e+03 3.107275317694400130e+01
1.693000000000000000e+03 3.173687342415407286e+01
1.694000000000000000e+03 3.173687342415407286e+01
1.695000000000000000e+03 3.240099367136414088e+01
1.696000000000000000e+03 3.240099367136414088e+01
1.697000000000000000e+03 3.306511391857421245e+01
1.698000000000000000e+03 3.306511391857421245e+01
1.699000000000000000e+03 3.306511391857421245e+01
1.700000000000000000e+03 3.353580638302999972e+01
1.701000000000000000e+03 3.353580638302999972e+01
1.702000000000000000e+03 3.398092285655947364e+01
1.703000000000000000e+03 3.398092285655947364e+01
1.704000000000000000e+03 3.442603933008894757e+01
1.705000000000000000e+03 3.483088735750225595e+01
1.706000000000000000e+03 3.509303936380955236e+01
1.707000000000000000e+03 4.040049855523179190e+01
1.708000000000000000e+03 4.045478710652706411e+01
1.709000000000000000e+03 4.050915702679731112e+01
1.710000000000000000e+03 4.056360623322922265e+01
1.711000000000000000e+03 4.061813273611434738e+01
1.712000000000000000e+03 4.067273464246116532e+01
1.713000000000000000e+03 4.072741015922183294e+01
1.714000000000000000e+03 4.078215759611627789e+01
1.715000000000000000e+03 4.083697536804181283e+01
1.716000000000000000e+03 4.089186199705694236e+01
1.717000000000000000e+03 4.094681611393330201e+01
1.718000000000000000e+03 4.100183645927192089e+01
1.719000000000000000e+03 4.106410778419348873e+01
1.720000000000000000e+03 4.111865615497718096e+01
1.721000000000000000e+03 4.117330580018465724e+01
1.722000000000000000e+03 4.122805454950610482e+01
1.723000000000000000e+03 4.128290030863005455e+01
1.724000000000000000e+03 4.133784106395942359e+01
1.725000000000000000e+03 4.139287488703497786e+01
1.726000000000000000e+03 4.144799993864248222e+01
1.727000000000000000e+03 4.150321447258266971e+01
1.728000000000000000e+03 4.155851683908514360e+01
1.729000000000000000e+03 4.161390548784939369e+01
1.730000000000000000e+03 4.162801498444746073e+01
1.731000000000000000e+03 4.168223765702227013e+01
1.732000000000000000e+03 4.173652177282136222e+01
1.733000000000000000e+03 4.179086600785014127e+01
1.734000000000000000e+03 4.184526914017929755e+01
1.735000000000000000e+03 4.190610768261565511e+01
1.736000000000000000e+03 4.196008068513172162e+01
1.737000000000000000e+03 4.201414524721737820e+01
1.738000000000000000e+03 4.206829918790166545e+01
1.739000000000000000e+03 4.212254040386641663e+01
1.740000000000000000e+03 4.217686687403416812e+01
1.741000000000000000e+03 4.223127666385689594e+01
1.742000000000000000e+03 4.228576792928344474e+01
1.743000000000000000e+03 4.234033892038485902e+01
1.744000000000000000e+03 4.239498798461885798e+01
1.745000000000000000e+03 4.244971356971782228e+01
1.746000000000000000e+03 4.250451422618577624e+01
1.747000000000000000e+03 4.255938860939470203e+01
1.748000000000000000e+03 4.261433548127149606e+01
1.749000000000000000e+03 4.266935371157103418e+01
1.750000000000000000e+03 4.272444227873410227e+01
1.751000000000000000e+03 4.278647156152821651e+01
1.752000000000000000e+03 4.284111458429890718e+01
1.753000000000000000e+03 4.289586336097656272e+01
1.754000000000000000e+03 4.290822790330908276e+01
1.755000000000000000e+03 4.296184556236732988e+01
1.756000000000000000e+03 4.301554191980526554e+01
1.757000000000000000e+03 4.306931506557651090e+01
1.758000000000000000e+03 4.312316317607865557e+01
1.759000000000000000e+03 4.317708451750640819e+01
1.760000000000000000e+03 4.323107744885503934e+01
1.761000000000000000e+03 4.328514042456095723e+01
1.762000000000000000e+03 4.333927199676485742e+01
1.763000000000000000e+03 4.339347081718984356e+01
1.764000000000000000e+03 4.344773563862556642e+01
1.765000000000000000e+03 4.350206531601559590e+01
1.766000000000000000e+03 4.355645880714602214e+01
1.767000000000000000e+03 4.361091517293816366e+01
1.768000000000000000e+03 4.367217526181889298e+01
1.769000000000000000e+03 4.372618283780323623e+01
1.770000000000000000e+03 4.378028827811975532e+01
1.771000000000000000e+03 4.383448965058272506e+01
1.772000000000000000e+03 4.388878509659511451e+01
1.773000000000000000e+03 4.394317283532031126e+01
1.774000000000000000e+03 4.399765116756549332e+01
1.775000000000000000e+03 4.405221847935568746e+01
1.776000000000000000e+03 4.410687324517987662e+01
1.777000000000000000e+03 4.416161403089208903e+01
1.778000000000000000e+03 4.421643949625330805e+01
1.779000000000000000e+03 4.422807346548842844e+01
1.780000000000000000e+03 4.428171576358564465e+01
1.781000000000000000e+03 4.433541876364245837e+01
1.782000000000000000e+03 4.438918132231791702e+01
1.783000000000000000e+03 4.444300239050307511e+01
1.784000000000000000e+03 4.449688101342731983e+01
1.785000000000000000e+03 4.455741596082818745e+01
1.786000000000000000e+03 4.461084778592658751e+01
1.787000000000000000e+03 4.466437130000797140e+01
1.788000000000000000e+03 4.471798452830306303e+01
1.789000000000000000e+03 4.477168556371155717e+01
1.790000000000000000e+03 4.482547257087666992e+01
1.791000000000000000e+03 4.487934379000078877e+01
1.792000000000000000e+03 4.493329754038404644e+01
1.793000000000000000e+03 4.498733222366719531e+01
1.794000000000000000e+03 4.504144632676411675e+01
1.795000000000000000e+03 4.509563842446996773e+01
1.796000000000000000e+03 4.514990718173343964e+01
1.797000000000000000e+03 4.520425135558469520e+01
1.798000000000000000e+03 4.525866979671175017e+01
1.799000000000000000e+03 4.531316145068263523e+01
1.800000000000000000e+03 4.536772535881110713e+01
1.801000000000000000e+03 4.542236065866782013e+01
1.802000000000000000e+03 4.548397948736613472e+01
1.803000000000000000e+03 4.553816954955197360e+01
1.804000000000000000e+03 4.554838546636093355e+01
1.805000000000000000e+03 4.560144635575391447e+01
1.806000000000000000e+03 4.565458964389859631e+01
1.807000000000000000e+03 4.570781340543060622e+01
1.808000000000000000e+03 4.576111578728911411e+01
1.809000000000000000e+03 4.581449501247796263e+01
1.810000000000000000e+03 4.586794938354653084e+01
1.811000000000000000e+03 4.592147728577214139e+01
1.812000000000000000e+03 4.597507719002874182e+01
1.813000000000000000e+03 4.602874765532730805e+01
1.814000000000000000e+03 4.608248733101710570e+01
1.815000000000000000e+03 4.613629495863743557e+01
1.816000000000000000e+03 4.619016937341405082e+01
1.817000000000000000e+03 4.624410950539525800e+01
1.818000000000000000e+03 4.629811438022652936e+01
1.819000000000000000e+03 4.635218311956418091e+01
1.820000000000000000e+03 4.640631494113292632e+01
1.821000000000000000e+03 4.646736330871910781e+01
1.822000000000000000e+03 4.652103875483329176e+01
1.823000000000000000e+03 4.657481323669754403e+01
1.824000000000000000e+03 4.662868491958257522e+01
1.825000000000000000e+03 4.668265203609825420e+01
1.826000000000000000e+03 4.673671289037790899e+01
1.827000000000000000e+03 4.679086586200448750e+01
1.828000000000000000e+03 4.684510940965726888e+01
1.829000000000000000e+03 4.689944207445927304e+01
1.830000000000000000e+03 4.690834634642465062e+01
1.831000000000000000e+03 4.696147838947746322e+01
1.832000000000000000e+03 4.701467499423145568e+01
1.833000000000000000e+03 4.706793487366996942e+01
1.834000000000000000e+03 4.712125682863783993e+01
1.835000000000000000e+03 4.717463974890182499e+01
1.836000000000000000e+03 4.722808261386721540e+01
1.837000000000000000e+03 4.728158449295193577e+01
1.838000000000000000e+03 4.733514454562170215e+01
1.839000000000000000e+03 4.738876202109309332e+01
1.840000000000000000e+03 4.744918368181091495e+01
1.841000000000000000e+03 4.750234318647451204e+01
1.842000000000000000e+03 4.755559555698629737e+01
1.843000000000000000e+03 4.760893896634846811e+01
1.844000000000000000e+03 4.766237164984826080e+01
1.845000000000000000e+03 4.771589190893448773e+01
1.846000000000000000e+03 4.776949811485570052e+01
1.847000000000000000e+03 4.782318871204181931e+01
1.848000000000000000e+03 4.787696222121181933e+01
1.849000000000000000e+03 4.793081724219273099e+01
1.850000000000000000e+03 4.798475245643599862e+01
1.851000000000000000e+03 4.803876662921987872e+01
1.852000000000000000e+03 4.809285861152903863e+01
1.853000000000000000e+03 4.814702734160385944e+01
1.854000000000000000e+03 4.820127184615542149e+01
1.855000000000000000e+03 4.825559124124434618e+01
1.856000000000000000e+03 4.826395745314206920e+01
1.857000000000000000e+03 4.831704699817180426e+01
1.858000000000000000e+03 4.837018928006290253e+01
1.859000000000000000e+03 4.843001863390392714e+01
1.860000000000000000e+03 4.848270377074741333e+01
1.861000000000000000e+03 4.853547620631824344e+01
1.862000000000000000e+03 4.858833403791248173e+01
1.863000000000000000e+03 4.864127542210848532e+01
1.864000000000000000e+03 4.869429857878058243e+01
1.865000000000000000e+03 4.874740179489418068e+01
1.866000000000000000e+03 4.880058342806221816e+01
1.867000000000000000e+03 4.885384190984685659e+01
1.868000000000000000e+03 4.890717574878943452e+01
1.869000000000000000e+03 4.896058353315434175e+01
1.870000000000000000e+03 4.901406393337469325e+01
1.871000000000000000e+03 4.906761570418889562e+01
1.872000000000000000e+03 4.912123768645970756e+01
1.873000000000000000e+03 4.917492880866952021e+01
1.874000000000000000e+03 4.922868808808829044e+01
1.875000000000000000e+03 4.928251463161237211e+01
1.876000000000000000e+03 4.933640763627579418e+01
1.877000000000000000e+03 4.939036638943697710e+01
1.878000000000000000e+03 4.944439026864745301e+01
1.879000000000000000e+03 4.950529013668872835e+01
1.880000000000000000e+03 4.955886275443171485e+01
1.881000000000000000e+03 4.961253716417463266e+01
1.882000000000000000e+03 4.966631162787242459e+01
1.883000000000000000e+03 4.967331444908332827e+01
1.884000000000000000e+03 4.972591039645205768e+01
1.885000000000000000e+03 4.977858068598229835e+01
1.886000000000000000e+03 4.983132369214761326e+01
1.887000000000000000e+03 4.988413786357028101e+01
1.888000000000000000e+03 4.993702172594988298e+01
1.889000000000000000e+03 4.998997388470262848e+01
1.890000000000000000e+03 5.004299302729865673e+01
1.891000000000000000e+03 5.009607792528637304e+01
1.892000000000000000e+03 5.014922743599473165e+01
1.893000000000000000e+03 5.020244050390746793e+01
1.894000000000000000e+03 5.025571616170464040e+01
1.895000000000000000e+03 5.030905353096956389e+01
1.896000000000000000e+03 5.036245182256233477e+01
1.897000000000000000e+03 5.041591033666226451e+01
1.898000000000000000e+03 5.046942846248539638e+01
1.899000000000000000e+03 5.052300567768490680e+01
1.900000000000000000e+03 5.058339199893094928e+01
1.901000000000000000e+03 5.063651165145597588e+01
1.902000000000000000e+03 5.068972706260444028e+01
1.903000000000000000e+03 5.074303657751429597e+01
1.904000000000000000e+03 5.079643860293406732e+01
1.905000000000000000e+03 5.084993161102504899e+01
1.906000000000000000e+03 5.090351414292681653e+01
1.907000000000000000e+03 5.095718481206726125e+01
1.908000000000000000e+03 5.101094230719871092e+01
1.909000000000000000e+03 5.106478539514360904e+01
1.910000000000000000e+03 5.107116949115285109e+01
1.911000000000000000e+03 5.112379626232976904e+01
1.912000000000000000e+03 5.117648508540096230e+01
1.913000000000000000e+03 5.122923487230644923e+01
1.914000000000000000e+03 5.128204461567197825e+01
1.915000000000000000e+03 5.133491338944708104e+01
1.916000000000000000e+03 5.138784034922896637e+01
1.917000000000000000e+03 5.144082473227661012e+01
1.918000000000000000e+03 5.149386585721919118e+01
1.919000000000000000e+03 5.154696312346736420e+01
1.920000000000000000e+03 5.160011601033752981e+01
1.921000000000000000e+03 5.165997770039038528e+01
1.922000000000000000e+03 5.171267499034784976e+01
1.923000000000000000e+03 5.176546397061354554e+01
1.924000000000000000e+03 5.181834296038888255e+01
1.925000000000000000e+03 5.187131033324943274e+01
1.926000000000000000e+03 5.192436452072968933e+01
1.927000000000000000e+03 5.197750401569894763e+01
1.928000000000000000e+03 5.203072737551200788e+01
1.929000000000000000e+03 5.208403322491880516e+01
1.930000000000000000e+03 5.213742025871930963e+01
1.931000000000000000e+03 5.219088724415036751e+01
1.932000000000000000e+03 5.224443302299456349e+01
1.933000000000000000e+03 5.229805651340176098e+01
1.934000000000000000e+03 5.235175671141628584e+01
1.935000000000000000e+03 5.240553269220566790e+01
1.936000000000000000e+03 5.245938361098811242e+01
1.937000000000000000e+03 5.251330870365838166e+01
1.938000000000000000e+03 5.251826224603681226e+01
1.939000000000000000e+03 5.257091652636144374e+01
1.940000000000000000e+03 5.262362303809248942e+01
1.941000000000000000e+03 5.267638113178415438e+01
1.942000000000000000e+03 5.273573921960181110e+01
1.943000000000000000e+03 5.278804304557060334e+01
1.944000000000000000e+03 5.284043346438375721e+01
1.945000000000000000e+03 5.289290866284415671e+01
1.946000000000000000e+03 5.294546688016811942e+01
1.947000000000000000e+03 5.299810641193214877e+01
1.948000000000000000e+03 5.305082561382882744e+01
1.949000000000000000e+03 5.310362290521316453e+01
1.950000000000000000e+03 5.315649677242124227e+01
1.951000000000000000e+03 5.320944577184550184e+01
1.952000000000000000e+03 5.326246853275089421e+01
1.953000000000000000e+03 5.331556375981856633e+01
1.954000000000000000e+03 5.336873023540562855e+01
1.955000000000000000e+03 5.342196682151033826e+01
1.956000000000000000e+03 5.347527246143511093e+01
1.957000000000000000e+03 5.352864618114190876e+01
1.958000000000000000e+03 5.358208709029544536e+01
1.959000000000000000e+03 5.363559438299378712e+01
1.960000000000000000e+03 5.368916733818720388e+01
1.961000000000000000e+03 5.374280531978806152e+01
1.962000000000000000e+03 5.379650777647880489e+01
1.963000000000000000e+03 5.385027424122465334e+01
1.964000000000000000e+03 5.391122417574457870e+01
1.965000000000000000e+03 5.396451471361280738e+01
1.966000000000000000e+03 5.396871564956217782e+01
1.967000000000000000e+03 5.402081779455131283e+01
1.968000000000000000e+03 5.407299803577884489e+01
1.969000000000000000e+03 5.412525468312711752e+01
1.970000000000000000e+03 5.417758610631980076e+01
1.971000000000000000e+03 5.422999073837750217e+01
1.972000000000000000e+03 5.428246707884542133e+01
1.973000000000000000e+03 5.433501369677757253e+01
1.974000000000000000e+03 5.438762923346126144e+01
1.975000000000000000e+03 5.444031240486946643e+01
1.976000000000000000e+03 5.449306200382831378e+01
1.977000000000000000e+03 5.454587690188964189e+01
1.978000000000000000e+03 5.459875605090073236e+01
1.979000000000000000e+03 5.465169848426509702e+01
1.980000000000000000e+03 5.470470331788970952e+01
1.981000000000000000e+03 5.475776975081812736e+01
1.982000000000000000e+03 5.481089706554915608e+01
1.983000000000000000e+03 5.486408462804476471e+01
1.984000000000000000e+03 5.491733188743202732e+01
1.985000000000000000e+03 5.497063837540751763e+01
1.986000000000000000e+03 5.502400370535344365e+01
1.987000000000000000e+03 5.508446192704490585e+01
1.988000000000000000e+03 5.513734829740207743e+01
1.989000000000000000e+03 5.519033174608197356e+01
1.990000000000000000e+03 5.524341068540389443e+01
1.991000000000000000e+03 5.529658358124540740e+01
1.992000000000000000e+03 5.534984895685271766e+01
1.993000000000000000e+03 5.540320539644960007e+01
1.994000000000000000e+03 5.545665154862576429e+01
1.995000000000000000e+03 5.546019682807264672e+01
1.996000000000000000e+03 5.551241022118419011e+01
1.997000000000000000e+03 5.556468915490449234e+01
1.998000000000000000e+03 5.561703238885279177e+01
1.999000000000000000e+03 5.566943875439362444e+01
2.000000000000000000e+03 5.572190715618182821e+01
2.001000000000000000e+03 5.577443657342099925e+01
2.002000000000000000e+03 5.582702606083162777e+01
2.003000000000000000e+03 5.587967474932685263e+01
2.004000000000000000e+03 5.593238184639638177e+01
2.005000000000000000e+03 5.598514663620080967e+01
2.006000000000000000e+03 5.603796847938144765e+01
2.007000000000000000e+03 5.609084681259230365e+01
2.008000000000000000e+03 5.614378114776383910e+01
2.009000000000000000e+03 5.619677107110913283e+01
2.010000000000000000e+03 5.625673662323983848e+01
2.011000000000000000e+03 5.630925074995234780e+01
2.012000000000000000e+03 5.636185801265147433e+01
2.013000000000000000e+03 5.641455677316898942e+01
2.014000000000000000e+03 5.646734544165209257e+01
2.015000000000000000e+03 5.652022248031986607e+01
2.016000000000000000e+03 5.657318640703987711e+01
2.017000000000000000e+03 5.662623579870713542e+01
2.018000000000000000e+03 5.667936929440847393e+01
2.019000000000000000e+03 5.673258559835589665e+01
2.020000000000000000e+03 5.678588348257440543e+01
2.021000000000000000e+03 5.683926178933097617e+01
2.022000000000000000e+03 5.689271943329322312e+01
2.023000000000000000e+03 5.694625540340732073e+01
2.024000000000000000e+03 5.694911309790474263e+01
2.025000000000000000e+03 5.700138053762967161e+01
2.026000000000000000e+03 5.705370362081637836e+01
2.027000000000000000e+03 5.710608145582175155e+01
2.028000000000000000e+03 5.715851322404539303e+01
2.029000000000000000e+03 5.721099817999446913e+01
2.030000000000000000e+03 5.726353565109173616e+01
2.031000000000000000e+03 5.731612503723517449e+01
2.032000000000000000e+03 5.736876581011888021e+01
2.033000000000000000e+03 5.742145751232761341e+01
2.034000000000000000e+03 5.748074613460143922e+01
2.035000000000000000e+03 5.753297898149926226e+01
2.036000000000000000e+03 5.758529896128190018e+01
2.037000000000000000e+03 5.763770437960872783e+01
2.038000000000000000e+03 5.769019359237542943e+01
2.039000000000000000e+03 5.774276500960419156e+01
2.040000000000000000e+03 5.779541709915278602e+01
2.041000000000000000e+03 5.784814839022394040e+01
2.042000000000000000e+03 5.790095747665701253e+01
2.043000000000000000e+03 5.795384301998507226e+01
2.044000000000000000e+03 5.800680375224193597e+01
2.045000000000000000e+03 5.805983847850474433e+01
2.046000000000000000e+03 5.811294607915972676e+01
2.047000000000000000e+03 5.816612551187972713e+01
2.048000000000000000e+03 5.821937581330529099e+01
2.049000000000000000e+03 5.827269610042159798e+01
2.050000000000000000e+03 5.832608557162681251e+01
2.051000000000000000e+03 5.837954350748943710e+01
2.052000000000000000e+03 5.843306927119389371e+01
2.053000000000000000e+03 5.848666230867697635e+01
2.054000000000000000e+03 5.848836764497983864e+01
2.055000000000000000e+03 5.854064757017703613e+01
2.056000000000000000e+03 5.859297377895143910e+01
2.057000000000000000e+03 5.864534582902330584e+01
2.058000000000000000e+03 5.869776335046069704e+01
2.059000000000000000e+03 5.875661690995421083e+01
2.060000000000000000e+03 5.880857582229473479e+01
2.061000000000000000e+03 5.886061622712779240e+01
2.062000000000000000e+03 5.891273651209726836e+01
2.063000000000000000e+03 5.896493511742984595e+01
2.064000000000000000e+03 5.901721053947692042e+01
2.065000000000000000e+03 5.906956133405854814e+01
2.066000000000000000e+03 5.912198611959259154e+01
2.067000000000000000e+03 5.917448357999191444e+01
2.068000000000000000e+03 5.922705246731537443e+01
2.069000000000000000e+03 5.927969160415771910e+01
2.070000000000000000e+03 5.933239988576706025e+01
2.071000000000000000e+03 5.938517628187850050e+01
2.072000000000000000e+03 5.943801983825522228e+01
2.073000000000000000e+03 5.949092967793070130e+01
2.074000000000000000e+03 5.954390500214655191e+01
2.075000000000000000e+03 5.959694509098375903e+01
2.076000000000000000e+03 5.965004930368694858e+01
2.077000000000000000e+03 5.970321707868367156e+01
2.078000000000000000e+03 5.975644793330284443e+01
2.079000000000000000e+03 5.980974146319893947e+01
2.080000000000000000e+03 5.986309734149130435e+01
2.081000000000000000e+03 5.991651531762918381e+01
2.082000000000000000e+03 5.996999521599592242e+01
2.083000000000000000e+03 6.003044799455008729e+01
2.084000000000000000e+03 6.003129707072145038e+01
2.085000000000000000e+03 6.008298827446451185e+01
2.086000000000000000e+03 6.013475800092429324e+01
2.087000000000000000e+03 6.018660466921815555e+01
2.088000000000000000e+03 6.023852674660273010e+01
2.089000000000000000e+03 6.029052275168902497e+01
2.090000000000000000e+03 6.034259125746811492e+01
2.091000000000000000e+03 6.039473089413317552e+01
2.092000000000000000e+03 6.044694035168267021e+01
2.093000000000000000e+03 6.049921838229237636e+01
2.094000000000000000e+03 6.055156380244449821e+01
2.095000000000000000e+03 6.060397549480341439e+01
2.096000000000000000e+03 6.065645240983035791e+01
2.097000000000000000e+03 6.070899356712943273e+01
2.098000000000000000e+03 6.076159805652111601e+01
2.099000000000000000e+03 6.081426503883945855e+01
2.100000000000000000e+03 6.086699374645325378e+01
2.101000000000000000e+03 6.091978348351189965e+01
2.102000000000000000e+03 6.097263362591989022e+01
2.103000000000000000e+03 6.102554362104526575e+01
2.104000000000000000e+03 6.107851298717022814e+01
2.105000000000000000e+03 6.113154131269374147e+01
2.106000000000000000e+03 6.118462825509790548e+01
2.107000000000000000e+03 6.124515444650845097e+01
2.108000000000000000e+03 6.129773720497954059e+01
2.109000000000000000e+03 6.135041818192608787e+01
2.110000000000000000e+03 6.140319574634735034e+01
2.111000000000000000e+03 6.145606830769591511e+01
2.112000000000000000e+03 6.150903431991891068e+01
2.113000000000000000e+03 6.156209228535608702e+01
2.114000000000000000e+03 6.161524075847480475e+01
2.115000000000000000e+03 6.161536339007124496e+01
2.116000000000000000e+03 6.166724391366445701e+01
2.117000000000000000e+03 6.171919023309715868e+01
2.118000000000000000e+03 6.177120098514327395e+01
2.119000000000000000e+03 6.182327486930494587e+01
2.120000000000000000e+03 6.187541064998020346e+01
2.121000000000000000e+03 6.192760715838108609e+01
2.122000000000000000e+03 6.197986329419460816e+01
2.123000000000000000e+03 6.203217802698035399e+01
2.124000000000000000e+03 6.208455039730024083e+01
2.125000000000000000e+03 6.213697951757852422e+01
2.126000000000000000e+03 6.218946457269112216e+01
2.127000000000000000e+03 6.224200482028699355e+01
2.128000000000000000e+03 6.229459959084462639e+01
2.129000000000000000e+03 6.234724828747013703e+01
2.130000000000000000e+03 6.239995038544498129e+01
2.131000000000000000e+03 6.245270543153301901e+01
2.132000000000000000e+03 6.250551304305930955e+01
2.133000000000000000e+03 6.255837290677418139e+01
2.134000000000000000e+03 6.261800148875849459e+01
2.135000000000000000e+03 6.267038876386265400e+01
2.136000000000000000e+03 6.272286620227813358e+01
2.137000000000000000e+03 6.277543218348078113e+01
2.138000000000000000e+03 6.282808513484290103e+01
2.139000000000000000e+03 6.288082353564214344e+01
2.140000000000000000e+03 6.293364592090217258e+01
2.141000000000000000e+03 6.298655088504619215e+01
2.142000000000000000e+03 6.303953708534357503e+01
2.143000000000000000e+03 6.309260324513170559e+01
2.144000000000000000e+03 6.314574815679575437e+01
2.145000000000000000e+03 6.319897068449073885e+01
2.146000000000000000e+03 6.319820933497411630e+01
2.147000000000000000e+03 6.325012142705219276e+01
2.148000000000000000e+03 6.330208793413370927e+01
2.149000000000000000e+03 6.335410785252571486e+01
2.150000000000000000e+03 6.340618025315390582e+01
2.151000000000000000e+03 6.345830428238936349e+01
2.152000000000000000e+03 6.351047916259194892e+01
2.153000000000000000e+03 6.356270419237090152e+01
2.154000000000000000e+03 6.361497874656637919e+01
2.155000000000000000e+03 6.366730227595741098e+01
2.156000000000000000e+03 6.371967430670362376e+01
2.157000000000000000e+03 6.377209443953044143e+01
2.158000000000000000e+03 6.382456234866965161e+01
2.159000000000000000e+03 6.387707778056790886e+01
2.160000000000000000e+03 6.393672306514678638e+01
2.161000000000000000e+03 6.398873374489074450e+01
2.162000000000000000e+03 6.404083091189319532e+01
2.163000000000000000e+03 6.409301302232468345e+01
2.164000000000000000e+03 6.414527857934849919e+01
2.165000000000000000e+03 6.419762613686818042e+01
2.166000000000000000e+03 6.425005430310565657e+01
2.167000000000000000e+03 6.430256174399133329e+01
2.168000000000000000e+03 6.435514718634770759e+01
2.169000000000000000e+03 6.440780942084985838e+01
2.170000000000000000e+03 6.446054730474592986e+01
2.171000000000000000e+03 6.451335976432265795e+01
2.172000000000000000e+03 6.456624579710251055e+01
2.173000000000000000e+03 6.461920447376014920e+01
2.174000000000000000e+03 6.467223493974768189e+01
2.175000000000000000e+03 6.472533641662026582e+01
2.176000000000000000e+03 6.477850820305586410e+01
2.177000000000000000e+03 6.477780773785231361e+01
2.178000000000000000e+03 6.482966773525525639e+01
2.179000000000000000e+03 6.488157663998975977e+01
2.180000000000000000e+03 6.493353386145277284e+01
2.181000000000000000e+03 6.498553887996989431e+01
2.182000000000000000e+03 6.503759124603250541e+01
2.183000000000000000e+03 6.508969057928410962e+01
2.184000000000000000e+03 6.514183656726780214e+01
2.185000000000000000e+03 6.519402896394825575e+01
2.186000000000000000e+03 6.524626758802372706e+01
2.187000000000000000e+03 6.530537301169694331e+01
2.188000000000000000e+03 6.535712340581470414e+01
2.189000000000000000e+03 6.540895827089993020e+01
2.190000000000000000e+03 6.546087610312123672e+01
2.191000000000000000e+03 6.551287544003061214e+01
2.192000000000000000e+03 6.556495486393453120e+01
2.193000000000000000e+03 6.561711300510611977e+01
2.194000000000000000e+03 6.566934854482147443e+01
2.195000000000000000e+03 6.572166021820501669e+01
2.196000000000000000e+03 6.577404681686867605e+01
2.197000000000000000e+03 6.582650719133165751e+01
2.198000000000000000e+03 6.587904025320840162e+01
2.199000000000000000e+03 6.593164497715316941e+01
2.200000000000000000e+03 6.598432040255258357e+01
2.201000000000000000e+03 6.603706563495744319e+01
2.202000000000000000e+03 6.608987984724858222e+01
2.203000000000000000e+03 6.614276228053199702e+01
2.204000000000000000e+03 6.619571224476180760e+01
2.205000000000000000e+03 6.624872911909064044e+01
2.206000000000000000e+03 6.630181235194989142e+01
2.207000000000000000e+03 6.635496146086398994e+01
2.208000000000000000e+03 6.640817603200564179e+01
2.209000000000000000e+03 6.646145571950040676e+01
2.210000000000000000e+03 6.645963817366255455e+01
2.211000000000000000e+03 6.651156984588777732e+01
2.212000000000000000e+03 6.656354622719551628e+01
2.213000000000000000e+03 6.661556701153310200e+01
2.214000000000000000e+03 6.667418680327330094e+01
2.215000000000000000e+03 6.672573489473397501e+01
2.216000000000000000e+03 6.677736423714758018e+01
2.217000000000000000e+03 6.682907318558036991e+01
2.218000000000000000e+03 6.688086013386376294e+01
2.219000000000000000e+03 6.693272351831603828e+01
2.220000000000000000e+03 6.698466182132457902e+01
2.221000000000000000e+03 6.703667357477131361e+01
2.222000000000000000e+03 6.708875736328425887e+01
2.223000000000000000e+03 6.714091182729875129e+01
2.224000000000000000e+03 6.719313566591311826e+01
2.225000000000000000e+03 6.724542763952420898e+01
2.226000000000000000e+03 6.729778657222948368e+01
2.227000000000000000e+03 6.735021135398405079e+01
2.228000000000000000e+03 6.740270094250195143e+01
2.229000000000000000e+03 6.745525436489293725e+01
2.230000000000000000e+03 6.750787071902878722e+01
2.231000000000000000e+03 6.756054917463238496e+01
2.232000000000000000e+03 6.761328897408844796e+01
2.233000000000000000e+03 6.766608943297374879e+01
2.234000000000000000e+03 6.771894994030884618e+01
2.235000000000000000e+03 6.777186995853465135e+01
2.236000000000000000e+03 6.782484902321903064e+01
2.237000000000000000e+03 6.787788674250244014e+01
2.238000000000000000e+03 6.793098279629127489e+01
2.239000000000000000e+03 6.798413693521206369e+01
2.240000000000000000e+03 6.803734897934006653e+01
2.241000000000000000e+03 6.809815470418294581e+01
2.242000000000000000e+03 6.809532066772450776e+01
2.243000000000000000e+03 6.814665585521676405e+01
2.244000000000000000e+03 6.819806757305397582e+01
2.245000000000000000e+03 6.824955417978358696e+01
2.246000000000000000e+03 6.830111407535883927e+01
2.247000000000000000e+03 6.835274570486913603e+01
2.248000000000000000e+03 6.840444756212396271e+01
2.249000000000000000e+03 6.845621819307301337e+01
2.250000000000000000e+03 6.850805619904501498e+01
2.251000000000000000e+03 6.855996023978912035e+01
2.252000000000000000e+03 6.861192903630286821e+01
2.253000000000000000e+03 6.866396137343242856e+01
2.254000000000000000e+03 6.871605610223139138e+01
2.255000000000000000e+03 6.876821214206640320e+01
2.256000000000000000e+03 6.882042848245876598e+01
2.257000000000000000e+03 6.887270418465342914e+01
2.258000000000000000e+03 6.892503838290804197e+01
2.259000000000000000e+03 6.897743028549693634e+01
2.260000000000000000e+03 6.902987917542725427e+01
2.261000000000000000e+03 6.908238441086541570e+01
2.262000000000000000e+03 6.913494542527595854e+01
2.263000000000000000e+03 6.918756172727565001e+01
2.264000000000000000e+03 6.924023290020792842e+01
2.265000000000000000e+03 6.929295860144657127e+01
2.266000000000000000e+03 6.934573856143747150e+01
2.267000000000000000e+03 6.939857258249092808e+01
2.268000000000000000e+03 6.945146053733829206e+01
2.269000000000000000e+03 6.950440236746895550e+01
2.270000000000000000e+03 6.956458367748048488e+01
2.271000000000000000e+03 6.961701988359077120e+01
2.272000000000000000e+03 6.966955080926841504e+01
2.273000000000000000e+03 6.972217501432727715e+01
2.274000000000000000e+03 6.971922619608110949e+01
2.275000000000000000e+03 6.977058014818982201e+01
2.276000000000000000e+03 6.982200253864812112e+01
2.277000000000000000e+03 6.987349196806330553e+01
2.278000000000000000e+03 6.992504708921862289e+01
2.279000000000000000e+03 6.997666660987810872e+01
2.280000000000000000e+03 7.002834929538467179e+01
2.281000000000000000e+03 7.008009397103677429e+01
2.282000000000000000e+03 7.013189952423195450e+01
2.283000000000000000e+03 7.018376490636597964e+01
2.284000000000000000e+03 7.023568913447736861e+01
2.285000000000000000e+03 7.028767129263010816e+01
2.286000000000000000e+03 7.033971053302732912e+01
2.287000000000000000e+03 7.039180607685172220e+01
2.288000000000000000e+03 7.044395721483049044e+01
2.289000000000000000e+03 7.049616330752350279e+01
2.290000000000000000e+03 7.054842378533703595e+01
2.291000000000000000e+03 7.060073814826598948e+01
2.292000000000000000e+03 7.065310596537099741e+01
2.293000000000000000e+03 7.070552687399755598e+01
2.294000000000000000e+03 7.075800057874843674e+01
2.295000000000000000e+03 7.081052685021988680e+01
2.296000000000000000e+03 7.086310552351660874e+01
2.297000000000000000e+03 7.091573649656072575e+01
2.298000000000000000e+03 7.097588959255521956e+01
2.299000000000000000e+03 7.102799528140346297e+01
2.300000000000000000e+03 7.108019441491079249e+01
2.301000000000000000e+03 7.113248550484877342e+01
2.302000000000000000e+03 7.118486709742585106e+01
2.303000000000000000e+03 7.123733777703039038e+01
2.304000000000000000e+03 7.128989616984944178e+01
2.305000000000000000e+03 7.134254094734409080e+01
2.306000000000000000e+03 7.139527082956350057e+01
2.307000000000000000e+03 7.144808458828002529e+01
2.308000000000000000e+03 7.144479521187919602e+01
2.309000000000000000e+03 7.149630730475836060e+01
2.310000000000000000e+03 7.154787950866104040e+01
2.311000000000000000e+03 7.159951066687560228e+01
2.312000000000000000e+03 7.165119968168754383e+01
2.313000000000000000e+03 7.170294551597341126e+01
2.314000000000000000e+03 7.175474719455073114e+01
2.315000000000000000e+03 7.180660380527889686e+01
2.316000000000000000e+03 7.185851449990705930e+01
2.317000000000000000e+03 7.191047849466792741e+01
2.318000000000000000e+03 7.196249507061695283e+01
2.319000000000000000e+03 7.201456357371984041e+01
2.320000000000000000e+03 7.206668341469253392e+01
2.321000000000000000e+03 7.211885406859957470e+01
2.322000000000000000e+03 7.217107507421989965e+01
2.323000000000000000e+03 7.222334603318950030e+01
2.324000000000000000e+03 7.227566660893414507e+01
2.325000000000000000e+03 7.232803652540496842e+01
2.326000000000000000e+03 7.238045556563353955e+01
2.327000000000000000e+03 7.243292357012271054e+01
2.328000000000000000e+03 7.249227697104360857e+01
2.329000000000000000e+03 7.254425552035932867e+01
2.330000000000000000e+03 7.259632218342318311e+01
2.331000000000000000e+03 7.264847538525813775e+01
2.332000000000000000e+03 7.270071358774521286e+01
2.333000000000000000e+03 7.275303529356889953e+01
2.334000000000000000e+03 7.280543905003710847e+01
2.335000000000000000e+03 7.285792345275633863e+01
2.336000000000000000e+03 7.291048714914354889e+01
2.337000000000000000e+03 7.296312884175645763e+01
2.338000000000000000e+03 7.301584729142408037e+01
2.339000000000000000e+03 7.306864132016147551e+01
2.340000000000000000e+03 7.312150981385211423e+01
2.341000000000000000e+03 7.317445172468360681e+01
2.342000000000000000e+03 7.317078055504694589e+01
2.343000000000000000e+03 7.322239081203113642e+01
2.344000000000000000e+03 7.327405182099641934e+01
2.345000000000000000e+03 7.332576264495288854e+01
2.346000000000000000e+03 7.337752241503856965e+01
2.347000000000000000e+03 7.342933033119255981e+01
2.348000000000000000e+03 7.348118566256349027e+01
2.349000000000000000e+03 7.353308774765461919e+01
2.350000000000000000e+03 7.358503599421041486e+01
2.351000000000000000e+03 7.363702987884929030e+01
2.352000000000000000e+03 7.368906894645158445e+01
2.353000000000000000e+03 7.374115280931232519e+01
2.354000000000000000e+03 7.379328114607038458e+01
2.355000000000000000e+03 7.384545370042845036e+01
2.356000000000000000e+03 7.389767027967853608e+01
2.357000000000000000e+03 7.394993075304999763e+01
2.358000000000000000e+03 7.400921456590249647e+01
2.359000000000000000e+03 7.406096638955322931e+01
2.360000000000000000e+03 7.411280175099035716e+01
2.361000000000000000e+03 7.416471911913637882e+01
2.362000000000000000e+03 7.421671700295516416e+01
2.363000000000000000e+03 7.426879395530207262e+01
2.364000000000000000e+03 7.432094857663715004e+01
2.365000000000000000e+03 7.437317951858254617e+01
2.366000000000000000e+03 7.442548548730583491e+01
2.367000000000000000e+03 7.447786524671072073e+01
2.368000000000000000e+03 7.453031762141807803e+01
2.369000000000000000e+03 7.458284149952065434e+01
2.370000000000000000e+03 7.463543583509638779e+01
2.371000000000000000e+03 7.468809965046513355e+01
2.372000000000000000e+03 7.474083203817743026e+01
2.373000000000000000e+03 7.479363216272261639e+01
2.374000000000000000e+03 7.484649926194791192e+01
2.375000000000000000e+03 7.489943264818012381e+01
2.376000000000000000e+03 7.489527397928844721e+01
2.377000000000000000e+03 7.494685812173392492e+01
2.378000000000000000e+03 7.499848730645901185e+01
2.379000000000000000e+03 7.505016095189139946e+01
2.380000000000000000e+03 7.510187854527805484e+01
2.381000000000000000e+03 7.515363964206534320e+01
2.382000000000000000e+03 7.520544386502957934e+01
2.383000000000000000e+03 7.525729090316890790e+01
2.384000000000000000e+03 7.530918051036829297e+01
2.385000000000000000e+03 7.536111250385253868e+01
2.386000000000000000e+03 7.541308676244241838e+01
2.387000000000000000e+03 7.546510322463210230e+01
2.388000000000000000e+03 7.552426462409650298e+01
2.389000000000000000e+03 7.557576228074977109e+01
2.390000000000000000e+03 7.562734218598141922e+01
2.391000000000000000e+03 7.567900287065791076e+01
2.392000000000000000e+03 7.573074290165406808e+01
2.393000000000000000e+03 7.578256088538388724e+01
2.394000000000000000e+03 7.583445547119906394e+01
2.395000000000000000e+03 7.588642535463809224e+01
2.396000000000000000e+03 7.593846928050875533e+01
2.397000000000000000e+03 7.599058604578722509e+01
2.398000000000000000e+03 7.604277450231855084e+01
2.399000000000000000e+03 7.609503355930303314e+01
2.400000000000000000e+03 7.614736218555484015e+01
2.401000000000000000e+03 7.619975941152006271e+01
2.402000000000000000e+03 7.625222433104293884e+01
2.403000000000000000e+03 7.630475610287027166e+01
2.404000000000000000e+03 7.635735395188594055e+01
2.405000000000000000e+03 7.641001717006922433e+01
2.406000000000000000e+03 7.646274511717265909e+01
2.407000000000000000e+03 7.651553722111658828e+01
2.408000000000000000e+03 7.656839297810113010e+01
2.409000000000000000e+03 7.662131195243669879e+01
2.410000000000000000e+03 7.667429377609803964e+01
2.411000000000000000e+03 7.666923505701679176e+01
2.412000000000000000e+03 7.672084319173347922e+01
2.413000000000000000e+03 7.677249382864989968e+01
2.414000000000000000e+03 7.682418664579745382e+01
2.415000000000000000e+03 7.687592137711271789e+01
2.416000000000000000e+03 7.692769781077768698e+01
2.417000000000000000e+03 7.697951578740565992e+01
2.418000000000000000e+03 7.703137519809021683e+01
2.419000000000000000e+03 7.708987333137238807e+01
2.420000000000000000e+03 7.714124728582048363e+01
2.421000000000000000e+03 7.719270094280145145e+01
2.422000000000000000e+03 7.724423275260684818e+01
2.423000000000000000e+03 7.729584119822932564e+01
2.424000000000000000e+03 7.734752479893913346e+01
2.425000000000000000e+03 7.739928211374056843e+01
2.426000000000000000e+03 7.745111174469079174e+01
2.427000000000000000e+03 7.750301234006437312e+01
2.428000000000000000e+03 7.755498259734754640e+01
2.429000000000000000e+03 7.760702126604576279e+01
2.430000000000000000e+03 7.765912715029081426e+01
2.431000000000000000e+03 7.771129911123236411e+01
2.432000000000000000e+03 7.776353606920214645e+01
2.433000000000000000e+03 7.781583700563888328e+01
2.434000000000000000e+03 7.786820096476405695e+01
2.435000000000000000e+03 7.792062705500009656e+01
2.436000000000000000e+03 7.797311445012464048e+01
2.437000000000000000e+03 7.802566239015574467e+01
2.438000000000000000e+03 7.807827018196577740e+01
2.439000000000000000e+03 7.813093719962293449e+01
2.440000000000000000e+03 7.818366288446243573e+01
2.441000000000000000e+03 7.823644674489062822e+01
2.442000000000000000e+03 7.828928835592876112e+01
2.443000000000000000e+03 7.834218735850362236e+01
2.444000000000000000e+03 7.839514345849657673e+01
2.445000000000000000e+03 7.844815642556312696e+01
2.446000000000000000e+03 7.850122609173727994e+01
2.447000000000000000e+03 7.849536749092119692e+01
2.448000000000000000e+03 7.854703464200538576e+01
2.449000000000000000e+03 7.859873891147228164e+01
2.450000000000000000e+03 7.865725199241222754e+01
2.451000000000000000e+03 7.870845095929503543e+01
2.452000000000000000e+03 7.875972541793329640e+01
2.453000000000000000e+03 7.881107372979307968e+01
2.454000000000000000e+03 7.886249428970265285e+01
2.455000000000000000e+03 7.891398552969319269e+01
2.456000000000000000e+03 7.896554592272748607e+01
2.457000000000000000e+03 7.901717398629914157e+01
2.458000000000000000e+03 7.906886828588444871e+01
2.459000000000000000e+03 7.912062743822943389e+01
2.460000000000000000e+03 7.917245011445599800e+01
2.461000000000000000e+03 7.922433504296975570e+01
2.462000000000000000e+03 7.927628101215607614e+01
2.463000000000000000e+03 7.932828687284845159e+01
2.464000000000000000e+03 7.938035154055739895e+01
2.465000000000000000e+03 7.943247399744794279e+01
2.466000000000000000e+03 7.948465329405513558e+01
2.467000000000000000e+03 7.953688855073011155e+01
2.468000000000000000e+03 7.958917895880924220e+01
2.469000000000000000e+03 7.964152378150234313e+01
2.470000000000000000e+03 7.969392235449690531e+01
2.471000000000000000e+03 7.974637408627867785e+01
2.472000000000000000e+03 7.979887845816919878e+01
2.473000000000000000e+03 7.985143502408571692e+01
2.474000000000000000e+03 7.990404341002840738e+01
2.475000000000000000e+03 7.995670331330487102e+01
2.476000000000000000e+03 8.000941450150133960e+01
2.477000000000000000e+03 8.006217681121464125e+01
2.478000000000000000e+03 8.011499014655905171e+01
2.479000000000000000e+03 8.016785447746519822e+01
2.480000000000000000e+03 8.022076983778974579e+01
2.481000000000000000e+03 8.028124631325485439e+01
2.482000000000000000e+03 8.027470153154561672e+01
2.483000000000000000e+03 8.032569405343035385e+01
2.484000000000000000e+03 8.037675796761564584e+01
2.485000000000000000e+03 8.042789173022931948e+01
2.486000000000000000e+03 8.047909383499832359e+01
2.487000000000000000e+03 8.053036281689597331e+01
2.488000000000000000e+03 8.058169725566033037e+01
2.489000000000000000e+03 8.063309577916565729e+01
2.490000000000000000e+03 8.068455706663068838e+01
2.491000000000000000e+03 8.073607985164628076e+01
2.492000000000000000e+03 8.078766292500637292e+01
2.493000000000000000e+03 8.083930513732775580e+01
2.494000000000000000e+03 8.089100540144320917e+01
2.495000000000000000e+03 8.094276269455568240e+01
2.496000000000000000e+03 8.099457606014102851e+01
2.497000000000000000e+03 8.104644460958876095e+01
2.498000000000000000e+03 8.109836752357234957e+01
2.499000000000000000e+03 8.115034405314128207e+01
2.500000000000000000e+03 8.120237352052964752e+01
2.501000000000000000e+03 8.125445531967825730e+01
2.502000000000000000e+03 8.130658891646807263e+01
2.503000000000000000e+03 8.135877384866685702e+01
2.504000000000000000e+03 8.141100972559097215e+01
2.505000000000000000e+03 8.146329622748828569e+01
2.506000000000000000e+03 8.151563310464939605e+01
2.507000000000000000e+03 8.156802017625668100e+01
2.508000000000000000e+03 8.162045732898359063e+01
2.509000000000000000e+03 8.167294451535711630e+01
2.510000000000000000e+03 8.172548175190046038e+01
2.511000000000000000e+03 8.177806911707277493e+01
2.512000000000000000e+03 8.183070674902567987e+01
2.513000000000000000e+03 8.189087394329841629e+01
2.514000000000000000e+03 8.194297537226812267e+01
2.515000000000000000e+03 8.199517001372161928e+01
2.516000000000000000e+03 8.204745651093355718e+01
2.517000000000000000e+03 8.209983353910800474e+01
2.518000000000000000e+03 8.209265772500633318e+01
2.519000000000000000e+03 8.214371847143539185e+01
2.520000000000000000e+03 8.219484502269868642e+01
2.521000000000000000e+03 8.224603607063430388e+01
2.522000000000000000e+03 8.229729035206976562e+01
2.523000000000000000e+03 8.234860665149726344e+01
2.524000000000000000e+03 8.239998380356443874e+01
2.525000000000000000e+03 8.245142069536707652e+01
2.526000000000000000e+03 8.250291626853142191e+01
2.527000000000000000e+03 8.255446952107456582e+01
2.528000000000000000e+03 8.260607950903292362e+01
2.529000000000000000e+03 8.265774534784993932e+01
2.530000000000000000e+03 8.270946621351602346e+01
2.531000000000000000e+03 8.276124134345494099e+01
2.532000000000000000e+03 8.281307003715312476e+01
2.533000000000000000e+03 8.286495165653001038e+01
2.534000000000000000e+03 8.291688562604947776e+01
2.535000000000000000e+03 8.296887143257457353e+01
2.536000000000000000e+03 8.302090862496984869e+01
2.537000000000000000e+03 8.307299681345760689e+01
2.538000000000000000e+03 8.312513566873656146e+01
2.539000000000000000e+03 8.317732492087343132e+01
2.540000000000000000e+03 8.322956435798008101e+01
2.541000000000000000e+03 8.328185382469067122e+01
2.542000000000000000e+03 8.333419322045503463e+01
2.543000000000000000e+03 8.338658249766638164e+01
2.544000000000000000e+03 8.343902165964257733e+01
2.545000000000000000e+03 8.349896078977879199e+01
2.546000000000000000e+03 8.355086687704874748e+01
2.547000000000000000e+03 8.360286493913855566e+01
2.548000000000000000e+03 8.365495347184858588e+01
2.549000000000000000e+03 8.370713099634478738e+01
2.550000000000000000e+03 8.375939606311112584e+01
2.551000000000000000e+03 8.381174725582179974e+01
2.552000000000000000e+03 8.386418319511446384e+01
2.553000000000000000e+03 8.391670254224530368e+01
2.554000000000000000e+03 8.396930400260713157e+01
2.555000000000000000e+03 8.396164237315956314e+01
2.556000000000000000e+03 8.401289106937450413e+01
2.557000000000000000e+03 8.406419763288428726e+01
2.558000000000000000e+03 8.411556083056866839e+01
2.559000000000000000e+03 8.416697948352522474e+01
2.560000000000000000e+03 8.421845246920149464e+01
2.561000000000000000e+03 8.426997872330086636e+01
2.562000000000000000e+03 8.432155724145218301e+01
2.563000000000000000e+03 8.437318708063472172e+01
2.564000000000000000e+03 8.442486736035159822e+01
2.565000000000000000e+03 8.447659726354669374e+01
2.566000000000000000e+03 8.452837603726140969e+01
2.567000000000000000e+03 8.458020299303043998e+01
2.568000000000000000e+03 8.463207750701708676e+01
2.569000000000000000e+03 8.468399901989039336e+01
2.570000000000000000e+03 8.473596703644999195e+01
2.571000000000000000e+03 8.478798112500463446e+01
2.572000000000000000e+03 8.484004091651442536e+01
2.573000000000000000e+03 8.489214610350734347e+01
2.574000000000000000e+03 8.494429643878360991e+01
2.575000000000000000e+03 8.499649173392292312e+01
2.576000000000000000e+03 8.504873185761134380e+01
2.577000000000000000e+03 8.510101673380643206e+01
2.578000000000000000e+03 8.515334633976041800e+01
2.579000000000000000e+03 8.521297459511745842e+01
2.580000000000000000e+03 8.526477343624085847e+01
2.581000000000000000e+03 8.531665857252352225e+01
2.582000000000000000e+03 8.536862847217605577e+01
2.583000000000000000e+03 8.542068163369965816e+01
2.584000000000000000e+03 8.547281658992041287e+01
2.585000000000000000e+03 8.552503191193061127e+01
2.586000000000000000e+03 8.557732621291714281e+01
2.587000000000000000e+03 8.562969815185799405e+01
2.588000000000000000e+03 8.568214643706782851e+01
2.589000000000000000e+03 8.573466982957299365e+01
2.590000000000000000e+03 8.578726714629826233e+01
2.591000000000000000e+03 8.583993726304657912e+01
2.592000000000000000e+03 8.583217730532847156e+01
2.593000000000000000e+03 8.588347660135359263e+01
2.594000000000000000e+03 8.593482558220381406e+01
2.595000000000000000e+03 8.598622322489424619e+01
2.596000000000000000e+03 8.603766857052806927e+01
2.597000000000000000e+03 8.608916072560401744e+01
2.598000000000000000e+03 8.614069886306151602e+01
2.599000000000000000e+03 8.619228222305841314e+01
2.600000000000000000e+03 8.624391011347954361e+01
2.601000000000000000e+03 8.629558191017517288e+01
2.602000000000000000e+03 8.634729705693139579e+01
2.603000000000000000e+03 8.639905506517597189e+01
2.604000000000000000e+03 8.645085551342532426e+01
2.605000000000000000e+03 8.650269804648132776e+01
2.606000000000000000e+03 8.655458237438720914e+01
2.607000000000000000e+03 8.660650827115549077e+01
2.608000000000000000e+03 8.665847557328180528e+01
2.609000000000000000e+03 8.671048417806019870e+01
2.610000000000000000e+03 8.676253404171848160e+01
2.611000000000000000e+03 8.681462517739181806e+01
2.612000000000000000e+03 8.686675765295578344e+01
2.613000000000000000e+03 8.692597673630106669e+01
2.614000000000000000e+03 8.697758641523950018e+01
2.615000000000000000e+03 8.702927866316461802e+01
2.616000000000000000e+03 8.708105203671422601e+01
2.617000000000000000e+03 8.713290512613633609e+01
2.618000000000000000e+03 8.718483655908931951e+01
2.619000000000000000e+03 8.723684500433107303e+01
2.620000000000000000e+03 8.728892917527932127e+01
2.621000000000000000e+03 8.734108783342362869e+01
2.622000000000000000e+03 8.739331979157148567e+01
2.623000000000000000e+03 8.744562391691017922e+01
2.624000000000000000e+03 8.749799913386702599e+01
2.625000000000000000e+03 8.755044442675136906e+01
2.626000000000000000e+03 8.760295884216250784e+01
2.627000000000000000e+03 8.765554149114889526e+01
2.628000000000000000e+03 8.770819155110538645e+01
2.629000000000000000e+03 8.770030141428532033e+01
2.630000000000000000e+03 8.775157437161168161e+01
2.631000000000000000e+03 8.780289285974599522e+01
2.632000000000000000e+03 8.785425615340020045e+01
2.633000000000000000e+03 8.790566359238455618e+01
2.634000000000000000e+03 8.795711458176293718e+01
2.635000000000000000e+03 8.800860859174323991e+01
2.636000000000000000e+03 8.806014515730549874e+01
2.637000000000000000e+03 8.811172387757382296e+01
2.638000000000000000e+03 8.816334441493916074e+01
2.639000000000000000e+03 8.821500649394262439e+01
2.640000000000000000e+03 8.826670989993132821e+01
2.641000000000000000e+03 8.831845447749964251e+01
2.642000000000000000e+03 8.837024012873204981e+01
2.643000000000000000e+03 8.842206681126437218e+01
2.644000000000000000e+03 8.847393453618204262e+01
2.645000000000000000e+03 8.852584336577584168e+01
2.646000000000000000e+03 8.858525387793599748e+01
2.647000000000000000e+03 8.863661370155558927e+01
2.648000000000000000e+03 8.868805672423485476e+01
2.649000000000000000e+03 8.873958150025671898e+01
2.650000000000000000e+03 8.879118660997347945e+01
2.651000000000000000e+03 8.884287066348042572e+01
2.652000000000000000e+03 8.889463230420255968e+01
2.653000000000000000e+03 8.894647021237669549e+01
2.654000000000000000e+03 8.899838310841101929e+01
2.655000000000000000e+03 8.905036975610526895e+01
2.656000000000000000e+03 8.910242896571357107e+01
2.657000000000000000e+03 8.915455959683355047e+01
2.658000000000000000e+03 8.920676056110535512e+01
2.659000000000000000e+03 8.925903082470429695e+01
2.660000000000000000e+03 8.931136941061345169e+01
2.661000000000000000e+03 8.936377540066139602e+01
2.662000000000000000e+03 8.941624793731342891e+01
2.663000000000000000e+03 8.946878622520482338e+01
2.664000000000000000e+03 8.952138953240655894e+01
2.665000000000000000e+03 8.957405719141610234e+01
2.666000000000000000e+03 8.956612067106634356e+01
2.667000000000000000e+03 8.961740776584849755e+01
2.668000000000000000e+03 8.966873798016021624e+01
2.669000000000000000e+03 8.972011071880707789e+01
2.670000000000000000e+03 8.977152544576772186e+01
2.671000000000000000e+03 8.982298168360627244e+01
2.672000000000000000e+03 8.987447901265349515e+01
2.673000000000000000e+03 8.992601706996650535e+01
2.674000000000000000e+03 8.997759554807848303e+01
2.675000000000000000e+03 9.002921419355251942e+01
2.676000000000000000e+03 9.008087280535464458e+01
2.677000000000000000e+03 9.013257123306337348e+01
2.678000000000000000e+03 9.018430937493455701e+01
2.679000000000000000e+03 9.023608717584107808e+01
2.680000000000000000e+03 9.028790462510926318e+01
2.681000000000000000e+03 9.034672597630680002e+01
2.682000000000000000e+03 9.039802485267857435e+01
2.683000000000000000e+03 9.044940377221691108e+01
2.684000000000000000e+03 9.050086118761912246e+01
2.685000000000000000e+03 9.055239557700897990e+01
2.686000000000000000e+03 9.060400544779186305e+01
2.687000000000000000e+03 9.065568934043079707e+01
2.688000000000000000e+03 9.070744583212568557e+01
2.689000000000000000e+03 9.075927354037693817e+01
2.690000000000000000e+03 9.081117112641685196e+01
2.691000000000000000e+03 9.086313729848964726e+01
2.692000000000000000e+03 9.091517081496364483e+01
2.693000000000000000e+03 9.096727048725826137e+01
2.694000000000000000e+03 9.101943518256943833e+01
2.695000000000000000e+03 9.107166382637834090e+01
2.696000000000000000e+03 9.112395540472843436e+01
2.697000000000000000e+03 9.117630896625813364e+01
2.698000000000000000e+03 9.122872362397674806e+01
2.699000000000000000e+03 9.128119855677344674e+01
2.700000000000000000e+03 9.133373301065070393e+01
2.701000000000000000e+03 9.138632629967510468e+01
2.702000000000000000e+03 9.143897780664094910e+01
2.703000000000000000e+03 9.149168698344394102e+01
2.704000000000000000e+03 9.154445335116425042e+01
2.705000000000000000e+03 9.153600764853318594e+01
2.706000000000000000e+03 9.158736798601383100e+01
2.707000000000000000e+03 9.163876517845868364e+01
2.708000000000000000e+03 9.169019881679820116e+01
2.709000000000000000e+03 9.174166855123829123e+01
2.710000000000000000e+03 9.179317408993750860e+01
2.711000000000000000e+03 9.184471519749233437e+01
2.712000000000000000e+03 9.189629169324807378e+01
2.713000000000000000e+03 9.194790344945316463e+01
2.714000000000000000e+03 9.199955038927618034e+01
2.715000000000000000e+03 9.205123248470701469e+01
2.716000000000000000e+03 9.211014720303963088e+01
2.717000000000000000e+03 9.216128611033461482e+01
2.718000000000000000e+03 9.221250122741926702e+01
2.719000000000000000e+03 9.226379100429980440e+01
2.720000000000000000e+03 9.231515391898571465e+01
2.721000000000000000e+03 9.236658848140238831e+01
2.722000000000000000e+03 9.241809323722088720e+01
2.723000000000000000e+03 9.246966677158637538e+01
2.724000000000000000e+03 9.252130771272692300e+01
2.725000000000000000e+03 9.257301473542544556e+01
2.726000000000000000e+03 9.262478656433566471e+01
2.727000000000000000e+03 9.267662197712536454e+01
2.728000000000000000e+03 9.272851980742954936e+01
2.729000000000000000e+03 9.278047894759662029e+01
2.730000000000000000e+03 9.283249835121287674e+01
2.731000000000000000e+03 9.288457703538941246e+01
2.732000000000000000e+03 9.293671408279922730e+01
2.733000000000000000e+03 9.298890864345143825e+01
2.734000000000000000e+03 9.304115993619247149e+01
2.735000000000000000e+03 9.309346724992524003e+01
2.736000000000000000e+03 9.314582994453900255e+01
2.737000000000000000e+03 9.319824745154517132e+01
2.738000000000000000e+03 9.325071927441571518e+01
2.739000000000000000e+03 9.330324498862347582e+01
2.740000000000000000e+03 9.335582424138607394e+01
2.741000000000000000e+03 9.340845675111701496e+01
2.742000000000000000e+03 9.346114230659050293e+01
2.743000000000000000e+03 9.351388076582873055e+01
2.744000000000000000e+03 9.350484051841492317e+01
2.745000000000000000e+03 9.355615926644668434e+01
2.746000000000000000e+03 9.360751172049906188e+01
2.747000000000000000e+03 9.365889777278738393e+01
2.748000000000000000e+03 9.371031736963976755e+01
2.749000000000000000e+03 9.376177050935419288e+01
2.750000000000000000e+03 9.381325723992988230e+01
2.751000000000000000e+03 9.387216156340049622e+01
2.752000000000000000e+03 9.392309106591848433e+01
2.753000000000000000e+03 9.397409581775525567e+01
2.754000000000000000e+03 9.402517435411353119e+01
2.755000000000000000e+03 9.407632523677206393e+01
2.756000000000000000e+03 9.412754705774845831e+01
2.757000000000000000e+03 9.417883844287715078e+01
2.758000000000000000e+03 9.423019805528582538e+01
2.759000000000000000e+03 9.428162459875250079e+01
2.760000000000000000e+03 9.433311682092674744e+01
2.761000000000000000e+03 9.438467351639746994e+01
2.762000000000000000e+03 9.443629352959132461e+01
2.763000000000000000e+03 9.448797575748518796e+01
2.764000000000000000e+03 9.453971915211702992e+01
2.765000000000000000e+03 9.459152272288112329e+01
2.766000000000000000e+03 9.464338553859329295e+01
2.767000000000000000e+03 9.469530672931382753e+01
2.768000000000000000e+03 9.474728548791686933e+01
2.769000000000000000e+03 9.479932107139633501e+01
2.770000000000000000e+03 9.485141280190026691e+01
2.771000000000000000e+03 9.490356006748707784e+01
2.772000000000000000e+03 9.495576232259941207e+01
2.773000000000000000e+03 9.500801908825297915e+01
2.774000000000000000e+03 9.506032995194001955e+01
2.775000000000000000e+03 9.511269456724953386e+01
2.776000000000000000e+03 9.516511265320822588e+01
2.777000000000000000e+03 9.521758399334882483e+01
2.778000000000000000e+03 9.527010843451479616e+01
2.779000000000000000e+03 9.532268588541241172e+01
2.780000000000000000e+03 9.537531631492403505e+01
2.781000000000000000e+03 9.542799975019796932e+01
2.782000000000000000e+03 9.548073627453304368e+01
2.783000000000000000e+03 9.547117785950430857e+01
2.784000000000000000e+03 9.552248816360410899e+01
2.785000000000000000e+03 9.557383283842554533e+01
2.786000000000000000e+03 9.562521192744227960e+01
2.787000000000000000e+03 9.568356378471212054e+01
2.788000000000000000e+03 9.573441803226597813e+01
2.789000000000000000e+03 9.578534689820446602e+01
2.790000000000000000e+03 9.583634888350783854e+01
2.791000000000000000e+03 9.588742251199894895e+01
2.792000000000000000e+03 9.593856633394916855e+01
2.793000000000000000e+03 9.598977892960867564e+01
2.794000000000000000e+03 9.604105891264430284e+01
2.795000000000000000e+03 9.609240493346867140e+01
2.796000000000000000e+03 9.614381568244337473e+01
2.797000000000000000e+03 9.619528989293992538e+01
2.798000000000000000e+03 9.624682634424226535e+01
2.799000000000000000e+03 9.629842386427435486e+01
2.800000000000000000e+03 9.635008133213828785e+01
2.801000000000000000e+03 9.640179768044775699e+01
2.802000000000000000e+03 9.645357189744349569e+01
2.803000000000000000e+03 9.650540302887819166e+01
2.804000000000000000e+03 9.655729017965906280e+01
2.805000000000000000e+03 9.660923251523875877e+01
2.806000000000000000e+03 9.666122926274553606e+01
2.807000000000000000e+03 9.671327971184651062e+01
2.808000000000000000e+03 9.676538321533905673e+01
2.809000000000000000e+03 9.681753918946702697e+01
2.810000000000000000e+03 9.686974711396176474e+01
2.811000000000000000e+03 9.692200653180864833e+01
2.812000000000000000e+03 9.697431704874325931e+01
2.813000000000000000e+03 9.702667833248297313e+01
2.814000000000000000e+03 9.707909011170222868e+01
2.815000000000000000e+03 9.713155217476241887e+01
2.816000000000000000e+03 9.718406436820883698e+01
2.817000000000000000e+03 9.723662659505031058e+01
2.818000000000000000e+03 9.728923881283864716e+01
2.819000000000000000e+03 9.734190103156677765e+01
2.820000000000000000e+03 9.739461331140741152e+01
2.821000000000000000e+03 9.744737576031415927e+01
2.822000000000000000e+03 9.743784935533192026e+01
2.823000000000000000e+03 9.749638443687329925e+01
2.824000000000000000e+03 9.754713961220416252e+01
2.825000000000000000e+03 9.759796709767617529e+01
2.826000000000000000e+03 9.764886528182680081e+01
2.827000000000000000e+03 9.769983257345336369e+01
2.828000000000000000e+03 9.775086740545154385e+01
2.829000000000000000e+03 9.780196823859571964e+01
2.830000000000000000e+03 9.785313356524477513e+01
2.831000000000000000e+03 9.790436191295580670e+01
2.832000000000000000e+03 9.795565184798888936e+01
2.833000000000000000e+03 9.800700197868539476e+01
2.834000000000000000e+03 9.805841095870279389e+01
2.835000000000000000e+03 9.810987749008947389e+01
2.836000000000000000e+03 9.816140032618271505e+01
2.837000000000000000e+03 9.821297827431439487e+01
2.838000000000000000e+03 9.826461019830937005e+01
2.839000000000000000e+03 9.831629502076221172e+01
2.840000000000000000e+03 9.836803172507978843e+01
2.841000000000000000e+03 9.841981935727736186e+01
2.842000000000000000e+03 9.847165702751844663e+01
2.843000000000000000e+03 9.852354391138945289e+01
2.844000000000000000e+03 9.857547925090203478e+01
2.845000000000000000e+03 9.862746235521842664e+01
2.846000000000000000e+03 9.867949260109638487e+01
2.847000000000000000e+03 9.873156943305271227e+01
2.848000000000000000e+03 9.878369236324714109e+01
2.849000000000000000e+03 9.883586097108923241e+01
2.850000000000000000e+03 9.888807490257535449e+01
2.851000000000000000e+03 9.894033386936256136e+01
2.852000000000000000e+03 9.899263764759126616e+01
2.853000000000000000e+03 9.904498607646877417e+01
2.854000000000000000e+03 9.909737905662883861e+01
2.855000000000000000e+03 9.914981654828487478e+01
2.856000000000000000e+03 9.920229856919561939e+01
2.857000000000000000e+03 9.925482519246428126e+01
2.858000000000000000e+03 9.930739654419406293e+01
2.859000000000000000e+03 9.936804311979219051e+01
2.860000000000000000e+03 9.942002374647290708e+01
2.861000000000000000e+03 9.947209455048987081e+01
2.862000000000000000e+03 9.952425405195218389e+01
2.863000000000000000e+03 9.951296650052329085e+01
2.864000000000000000e+03 9.956377363860518415e+01
2.865000000000000000e+03 9.961464408079623922e+01
2.866000000000000000e+03 9.966557634487260486e+01
2.867000000000000000e+03 9.971656898519270840e+01
2.868000000000000000e+03 9.976762059625397683e+01
2.869000000000000000e+03 9.981872981612505669e+01
2.870000000000000000e+03 9.986989532973676376e+01
2.871000000000000000e+03 9.992111587201448231e+01
2.872000000000000000e+03 9.997239023083537290e+01
2.873000000000000000e+03 1.000237172497944869e+02
