0    0
549    9.83803855895994
552    10.0808484745025
555    10.4516305065155
558    10.8746128845215
561    11.3196713542938
564    11.7004764747619
567    12.0385703372955
570    12.3756109905242
573    12.8018950843811
576    13.2975528812408
579    13.8742041015625
582    14.5036659240722
585    15.21055768013
588    15.9624384498596
591    16.6937920188903
594    17.4216095542907
597    18.1034106922149
600    18.7545482349395
603    19.3352264595031
606    19.8706280517578
609    20.3336581993103
612    20.7028601264953
615    20.9417304611206
618    21.0985319137573
621    21.1900803184509
624    21.2187437057495
627    21.200348739624
630    21.127394580841
633    20.9975846862792
636    20.8251174926757
639    20.617495689392
642    20.4128117942809
645    20.2421654319763
648    20.1163881874084
651    20.0813196372985
654    20.1391277694702
657    20.2822133255004
660    20.4993161773681
663    20.7875615692138
666    21.1131466293334
669    21.4748349571228
672    21.8961646652221
675    22.4078469657898
678    23.0080938148498
681    23.6149827384948
684    24.2207646942138
687    24.833672504425
690    25.459218635559
693    26.071035823822
696    26.6386074066162
699    27.1119700241088
702    27.4343843841552
705    27.6479146003723
708    27.6707759094238
711    27.6445047187805
714    27.6017999649047
717    27.565906677246
720    27.5132635116577
723    27.444982509613
726    27.3945408058166
729    27.4049526786804
732    27.5143139076232
735    27.7259490585327
738    28.0364578819274
741    28.3443587875366
744    28.685307483673
747    29.0414622688293
750    29.4544075012207
753    29.9055653572082
756    30.433794631958
759    31.0194216918945
762    31.6057809829712
765    32.1737055015563
768    32.8239226150512
771    33.5515573692321
774    34.2597178649902
777    35.016217880249
780    35.7501010131835
783    36.5078699874878
786    37.2739553070068
789    38.0394088745117
792    38.8260688781738
795    39.5784178161621
798    40.2589535522461
801    40.9379537200927
804    41.6451651763916
807    42.3338976669311
810    43.0295904922485
813    43.7674956130981
816    44.4937855529785
819    45.2124867630005
822    45.9357538604736
825    46.6478409576416
828    47.3371515274047
831    47.9694699478149
834    48.5619857406616
837    49.0958434295654
840    49.574642829895
843    49.9700565338134
846    50.3547064208984
849    50.7876236343383
852    51.3068939971923
855    51.8994859313964
858    52.5808559417724
861    53.3373249816894
864    54.1419739151001
867    54.9681113433837
870    55.8607636642456
873    56.7533855438232
876    57.6098028564453
879    58.3872969436645
882    59.0631331634521
885    59.6195854187011
888    60.0580014801025
891    60.4153140640258
894    60.701485748291
897    60.9851945495605
900    61.2377378463745
903    61.4680681228637
906    61.6575406646728
909    61.8097787094116
912    61.9182215881347
915    62.0576404953002
918    62.2590162658691
921    62.4904962921142
924    62.7285388183593
927    62.9056058120727
930    62.983977355957
933    63.0172340011596
936    63.0413319015503
939    63.0923222351074
942    63.1559520339965
945    63.2081618118286
948    63.2294271087646
951    63.1948885726928
954    63.1464841461181
957    63.0996110534668
960    63.0802867507934
963    63.0862801361083
966    63.1127224349975
969    63.1334344863891
972    63.1590517044067
975    63.1851187896728
978    63.2141668319702
981    63.2353601837158
984    63.2357640838623
987    63.2375271224975
990    63.2769701004028
993    63.3455134582519
996    63.4542763900756
999    63.5450074386596
1002    63.6727731323242
1005    63.843249053955
1008    64.062389793396
1011    64.3024129486083
1014    64.5776037216186
1017    64.9435882568359
1020    65.2362566375732
1023    65.4250488281249
1026    65.4924954986572
1029    65.5751510620117
1032    65.6324777984619
1035    65.6502746582031
1038    65.6065227508544
1041    65.5600701904296
1044    65.4745966339111
1047    65.2820031738281
1050    65.146605606079
1053    65.1223295593261
1056    65.2040177154541
1059    65.2904871368408
1062    65.3180222320556
1065    65.2779346466064
1068    65.1741839599609
1071    65.0562338256835
1074    65.0149264526366
1077    65.0198809814453
1080    65.0402477264404
1083    65.0779592132568
1086    65.0550573730468
1089    64.9816256713867
1092    64.9054712677002
1095    64.8783789825439
1098    64.9101909637451
1101    64.9829592132568
1104    65.0108493041992
1107    65.0201527404785
1110    65.0092076873779
1113    64.9318549346923
1116    64.8820719909668
1119    64.8775077056884
1122    64.9082296752929
1125    64.9403867340087
1128    64.977133026123
1131    64.9833819580078
1134    64.9770822143554
1137    64.9655487823486
1140    64.9601594543456
1143    64.9930693054199
1146    65.0508505249023
1149    65.1113261413574
1152    65.1690370178222
1155    65.2045504760742
1158    65.2367121887207
1161    65.2679001617431
1164    65.3216387939453
1167    65.4052736663818
1170    65.4805557250976
1173    65.5217696380615
1176    65.5394344329834
1179    65.5459814453125
1182    65.5545883178711
1185    65.6181324005126
1188    65.6786992645263
1191    65.7372848510742
1194    65.7766079711914
1197    65.7853240966796
1200    65.7977265167236
1203    65.8127684020996
1206    65.8344773101806
1209    65.864172592163
1212    65.9159745025634
1215    65.9547909545898
1218    65.9684619903564
1221    65.9743806457519
1224    65.9991159820556
1227    66.0264543914794
1230    66.0575661468505
1233    66.1103843688964
1236    66.14677734375
1239    66.1753252410888
1242    66.1915824890137
1245    66.1973802947998
1248    66.2341902160644
1251    66.2924545288086
1254    66.3502729034423
1257    66.4131510925293
1260    66.4885459136962
1263    66.5536547088623
1266    66.649733428955
1269    66.7473776245117
1272    66.8488834381103
1275    66.9526908874511
1278    67.0566995239257
1281    67.1404643249511
1284    67.2074780273437
1287    67.2739863586425
1290    67.3249995422363
1293    67.3715691375732
1296    67.4015419769287
1299    67.4272908020019
1302    67.4326698303222
1305    67.4125299072265
1308    67.3954024505615
1311    67.4046782684326
1314    67.4370858001709
1317    67.4755516815185
1320    67.5152503204345
1323    67.5435983276367
1326    67.5732665252685
1329    67.6067406463623
1332    67.6536391448974
1335    67.7286074829101
1338    67.8042627716064
1341    67.8807391357421
1344    67.9544759368896
1347    68.0302184295654
1350    68.1162979125976
1353    68.2271419525146
1356    68.3438404846191
1359    68.468536529541
1362    68.5969681549072
1365    68.7264418792724
1368    68.8548933410644
1371    68.9722344970703
1374    69.0813598632812
1377    69.1835695648193
1380    69.2838219451904
1383    69.3827285766601
1386    69.481703262329
1389    69.5720803833007
1392    69.654656677246
1395    69.7249234771728
1398    69.792269744873
1401    69.861487045288
1404    69.9296549987792
1407    69.9990705108642
1410    70.0668952178954
1413    70.1270473480224
1416    70.1823927307128
1419    70.2395738983154
1422    70.3028531646728
1425    70.3690316009521
1428    70.439483795166
1431    70.5080153656005
1434    70.5775231933593
1437    70.6421060943603
1440    70.7020261383056
1443    70.7615367889404
1446    70.8209682464599
1449    70.892400970459
1452    70.9700747680664
1455    71.0482041931152
1458    71.119190750122
1461    71.1882580566406
1464    71.258021621704
1467    71.3280142974853
1470    71.4050354766845
1473    71.4818285369873
1476    71.5601193237304
1479    71.632850112915
1482    71.7095087432861
1485    71.7805828857421
1488    71.8536416625976
1491    71.9272998809814
1494    71.9919644165039
1497    72.0525805664062
1500    72.1039713287353
1503    72.1587522125244
1506    72.2106817626953
1509    72.2571186828613
1512    72.2930059814453
1515    72.3329216003417
1518    72.3779338836669
1521    72.4204672241211
1524    72.4777980804443
1527    72.5409230804443
1530    72.6044834899902
1533    72.6676990509033
1536    72.7311944580078
1539    72.7985219573974
1542    72.8687278747558
1545    72.9433409881591
1548    73.0148271179199
1551    73.094394378662
1554    73.186477355957
1557    73.2719385528564
1560    73.3434835815429
1563    73.3996919250488
1566    73.4519221496582
1569    73.5066368103027
1572    73.5621630859374
1575    73.6191590881347
1578    73.6704643249511
1581    73.7248183441162
1584    73.7745104217529
1587    73.8471814727783
1590    73.9421682739257
1593    74.0447726440429
1596    74.1467182159423
1599    74.2390477752685
1602    74.3223820495605
1605    74.3936638641357
1608    74.4497500610351
1611    74.4897395324707
1614    74.512441329956
1617    74.5083798980712
1620    74.4927214050293
1623    74.4693120574951
1626    74.4570188140869
1629    74.4538877105713
1632    74.4696806335449
1635    74.4814821624756
1638    74.5002484130859
1641    74.5199167633056
1644    74.5362725067138
1647    74.5625214385986
1650    74.5877587127685
1653    74.6255978393554
1656    74.6537979125976
1659    74.6671031188964
1662    74.6580603790283
1665    74.6614737701416
1668    74.6699060821533
1671    74.6892002105713
1674    74.713921508789
1677    74.7427686309814
1680    74.7758738708496
1683    74.8155651855468
1686    74.8740145111084
1689    74.9625666046142
1692    75.0670092773437
1695    75.1713205718994
1698    75.276563873291
1701    75.3782179260253
1704    75.4778173828124
1707    75.5696772003173
1710    75.644554824829
1713    75.7013380432128
1716    75.730456161499
1719    75.7401142120361
1722    75.7458529663085
1725    75.7597955322265
1728    75.7880472564697
1731    75.8272846221924
1734    75.8753694152832
1737    75.9201895904541
1740    75.9778345489501
1743    76.0417216491699
1746    76.119201965332
1749    76.1936260986328
1752    76.2671709442138
1755    76.3265139007568
1758    76.3816896057129
1761    76.4241314697265
1764    76.4710456085205
1767    76.5242320251464
1770    76.5866532897949
1773    76.6483213806152
1776    76.7016452026367
1779    76.7565375518799
1782    76.8123197937011
1785    76.8866101074218
1788    76.9497403717041
1791    77.0028678131103
1794    77.0412711334228
1797    77.082935256958
1800    77.1255500793457
1803    77.1603897094726
1806    77.1947120666503
1809    77.2290795898437
1812    77.2706160736083
1815    77.2938273620605
1818    77.3268055725097
1821    77.3623927307128
1824    77.3963883209228
1827    77.4246600341797
1830    77.4532660675048
1833    77.5021421813965
1836    77.5624259185791
1839    77.622085571289
1842    77.681798248291
1845    77.7464934539795
1848    77.8031398010254
1851    77.8620990753173
1854    77.9253673553466
1857    77.9915244293212
1860    78.0616134643554
1863    78.1295755767822
1866    78.1815082550048
1869    78.2355842590332
1872    78.2795153045654
1875    78.3380182647705
1878    78.4015173339843
1881    78.4828154754638
1884    78.5795583343505
1887    78.6822382354736
1890    78.770983505249
1893    78.8480975341797
1896    78.9275656127929
1899    79.0154949188232
1902    79.11436378479
1905    79.1933116912841
1908    79.2774298095703
1911    79.3467841339111
1914    79.3946073150634
1917    79.4387069702148
1920    79.4960219573974
1923    79.5717263031006
1926    79.6529837799072
1929    79.7079347991943
1932    79.7487326049804
1935    79.7883793640136
1938    79.8230108642578
1941    79.8691176605224
1944    79.9133396911621
1947    79.9483039093017
1950    79.973574142456
1953    79.9909085845947
1956    80.0026140594482
1959    80.0235830688476
1962    80.0530277252197
1965    80.0984565734863
1968    80.1599361419677
1971    80.219169921875
1974    80.2982626342773
1977    80.3869631958007
1980    80.4798154449462
1983    80.5714597320556
1986    80.6763417816162
1989    80.7865495300292
1992    80.8978848266601
1995    81.0017446136474
1998    81.1007041168212
2001    81.1956118774414
2004    81.2924927520751
2007    81.3967550659179
2010    81.4890892791748
2013    81.5993950653076
2016    81.7047975158691
2019    81.8043304443359
2022    81.8957252502441
2025    81.9740394592285
2028    82.0410107421875
2031    82.104453048706
2034    82.1569314575195
2037    82.2118323516845
2040    82.2880403137206
2043    82.3643488311767
2046    82.4587465667724
2049    82.5735443878173
2052    82.6843164062499
2055    82.7838346099853
2058    82.8746571350097
2061    82.9667272949218
2064    83.0662781524658
2067    83.1668251037597
2070    83.251517868042
2073    83.3206513214111
2076    83.3739305877685
2079    83.4106977844238
2082    83.4659722137451
2085    83.5443294525146
2088    83.6416644287109
2091    83.7470142364502
2094    83.8524848937988
2097    83.9426649475097
2100    84.0475520324706
2103    84.1335732269287
2106    84.2366608428954
2109    84.3642890930175
2112    84.4972875976562
2115    84.6378369140625
2118    84.7658501434326
2121    84.8775573730469
2124    84.9741138458252
2127    85.0869149017334
2130    85.2022441864014
2133    85.3366546630859
2136    85.4648603057861
2139    85.5698447418213
2142    85.6426906585693
2145    85.7063800811767
2148    85.7871939849853
2151    85.8964753723144
2154    86.0321800994873
2157    86.160779876709
2160    86.2706114959717
2163    86.3759400177002
2166    86.4759577178955
2169    86.5821430969238
2172    86.7237759399414
2175    86.8707079315185
2178    87.0142458343505
2181    87.1369939422607
2184    87.2453399658202
2187    87.3563509368896
2190    87.4781660461425
2193    87.6133600616455
2196    87.7496128082275
2199    87.8849317932128
2202    88.0230624389648
2205    88.1813242340088
2208    88.3521136474609
2211    88.5423421478271
2214    88.7406585693359
2217    88.9347439575195
2220    89.1150011444091
2223    89.3074311828613
2226    89.5106377410888
2229    89.7170363616943
2232    89.9025229644775
2235    90.0632078552246
2238    90.186782836914
2241    90.2984963989257
2244    90.4131675720214
2247    90.5408116912841
2250    90.7058066558837
2253    90.8514162445068
2256    90.9815641021728
2259    91.0974758911132
2262    91.2074183654785
2265    91.3362127685546
2268    91.5017220306396
2271    91.6927523040771
2274    91.8882720184326
2277    92.0789735412597
2280    92.2475778198242
2283    92.4211966705322
2286    92.6045429229736
2289    92.8090190887451
2292    93.0218296813964
2295    93.2319089508056
2298    93.4440476989746
2301    93.6223438262939
2304    93.7986184692382
2307    93.9661566925048
2310    94.1166114044189
2313    94.2577311706543
2316    94.39625
2319    94.5343762207031
2322    94.6539482116699
2325    94.7470126342773
2328    94.7928056335449
2331    94.825767211914
2334    94.8472982025146
2337    94.8674925994873
2340    94.9015940093994
2343    94.9274375915527
2346    94.9486475372314
2349    94.9691606140136
2352    95.0187260437012
2355    95.1001517486572
2358    95.2336037445068
2361    95.4202867126465
2364    95.6108184814453
2367    95.7860217285156
2370    95.9511208343506
2373    96.122501373291
2376    96.2969194030761
2379    96.4776563262939
2382    96.6757959747314
2385    96.8831593322753
2388    97.0869805145263
2391    97.2462132263183
2394    97.409443283081
2397    97.5774899291992
2400    97.7608750152587
2403    97.9819284057617
2406    98.1925151062011
2409    98.3854738616943
2412    98.5594541168212
2415    98.7282722473144
2418    98.8881547546386
2421    99.0898680114745
2424    99.2804072570799
2427    99.4937966156004
2430    99.7046809387205
2433    99.8841043090818
2436    100.084798431396
2439    100.299511184692
2442    100.527991256714
2445    100.772768096923
2448    101.026385345459
2451    101.291638183593
2454    101.616505355835
2457    101.984065322876
2460    102.451421203613
2463    103.046584854126
2466    103.774857635498
2469    104.660264968872
2472    105.624648513794
2475    106.686038436889
2478    107.819450378418
2481    108.99164024353
2484    110.163998641967
2487    111.324059753417
2490    112.412827911376
2493    113.39199356079
2496    114.225391082763
2499    114.928704299926
2502    115.574944839477
2505    116.123899002075
2508    116.615905151367
2511    117.050093917846
2514    117.453787460327
2517    117.857228012085
2520    118.259722595214
2523    118.677794113159
2526    119.123236694335
2529    119.591594161987
2532    120.062317581176
2535    120.544632110595
2538    121.039120178222
2541    121.550440597534
2544    122.082407455444
2547    122.635363998413
2550    123.221581954955
2553    123.840407638549
2556    124.509307098388
2559    125.187969665527
2562    125.897225265502
2565    126.644593963623
2568    127.415463485717
2571    128.202900619506
2574    129.016350784301
2577    129.860644226074
2580    130.743245620727
2583    131.658397140502
2586    132.628011169433
2589    133.635311279296
2592    134.650854797363
2595    135.674395751953
2598    136.690154266357
2601    137.730431671142
2604    138.788597412109
2607    139.847710113525
2610    140.886696014404
2613    141.907214660644
2616    142.876640625
2619    143.81412612915
2622    144.730560150146
2625    145.603262634277
2628    146.474457855224
2631    147.309893188476
2634    148.11523071289
2637    148.883968963623
2640    149.627153930664
2643    150.369679718017
2646    151.132932891845
2649    151.919509735107
2652    152.741989135742
2655    153.583656311035
2658    154.462690429687
2661    155.375487976074
2664    156.400217895507
2667    157.521403045654
2670    158.743997650146
2673    159.996098632812
2676    161.237691345214
2679    162.406638183593
2682    163.515128479004
2685    164.706925354004
2688    166.034700622558
2691    167.535040130615
2694    168.991829223632
2697    170.4538331604
2700    171.805118255615
2703    173.077068328857
2706    174.282187652587
2709    175.480322875976
2712    176.669620819091
2715    177.736056365966
2718    178.612297058105
2721    179.273648529052
2724    179.834326629638
2727    180.255862731933
2730    180.680939178466
2733    181.101482391357
2736    181.493440246582
2739    181.893493652343
2742    182.2896875
2745    182.671497802734
2748    183.024782104492
2751    183.343766021728
2754    183.619325561523
2757    183.885557403564
2760    184.140299530029
2763    184.381920623779
2766    184.642601928711
2769    184.896764373779
2772    185.128292694091
2775    185.370598449707
2778    185.647328643798
2781    185.957472686767
2784    186.317847747802
2787    186.678349761963
2790    187.009729919433
2793    187.324266357421
2796    187.620636138916
2799    187.93222000122
2802    188.275741119384
2805    188.626127777099
2808    188.968406829834
2811    189.315747680664
2814    189.649737243652
2817    189.978459777832
2820    190.314074707031
2823    190.649186248779
2826    190.985122680664
2829    191.304020385742
2832    191.594412994384
2835    191.871598815917
2838    192.110995178222
2841    192.321567230224
2844    192.519345397949
2847    192.732105407714
2850    192.943628082275
2853    193.169919128418
2856    193.42414276123
2859    193.677618408203
2862    193.946731262207
2865    194.200541839599
2868    194.475350494384
2871    194.755497589111
2874    195.051637573242
2877    195.32798751831
2880    195.597579498291
2883    195.859878387451
2886    196.08191040039
2889    196.288423461914
2892    196.470031890869
2895    196.661676330566
2898    196.829980316162
2901    196.98432647705
2904    197.128188476562
2907    197.297918853759
2910    197.475678253173
2913    197.665490722656
2916    197.881075897216
2919    198.09682144165
2922    198.322790985107
2925    198.552829895019
2928    198.782942504882
2931    199.012362976074
2934    199.23791442871
2937    199.445601959228
2940    199.653284606933
2943    199.855655975341
2946    200.037433929443
2949    200.215908050537
2952    200.395287322998
2955    200.564962158203
2958    200.744028320312
2961    200.958467407226
2964    201.187808685302
2967    201.441902770996
2970    201.698974304199
2973    201.970765075683
2976    202.260715637206
2979    202.574815673828
2982    202.868200988769
2985    203.129902801513
2988    203.360245513916
2991    203.525487823486
2994    203.655297851562
2997    203.756102447509
3000    203.840612335205
3003    203.910716705322
3006    203.965387573242
3009    203.988713989257
3012    204.022359771728
3015    204.115014038085
3018    204.220418395996
3021    204.327311706542
3024    204.403539581298
3027    204.462755737304
3030    204.519768981933
3033    204.575709838867
3036    204.630710144042
3039    204.672859039306
3042    204.712611236572
3045    204.719875030517
3048    204.750345611572
3051    204.809507293701
3054    204.898469848632
3057    204.991389007568
3060    205.067622833252
3063    205.13271774292
3066    205.198702697754
3069    205.282874908447
3072    205.371015777587
3075    205.427800292968
3078    205.453223571777
3081    205.481574401855
3084    205.515923461914
3087    205.568909606933
3090    205.626001434326
3093    205.658128051757
3096    205.695266418457
3099    205.721689300537
3102    205.733149414062
3105    205.739355621337
3108    205.753464050293
3111    205.769280853271
3114    205.803734741211
3117    205.823106842041
3120    205.85596710205
3123    205.883091888427
3126    205.898999481201
3129    205.927845153808
3132    205.963706359863
3135    206.033117523193
3138    206.09212814331
3141    206.11800994873
3144    206.109280548095
3147    206.102353363037
3150    206.072862548828
3153    206.072892303466
3156    206.075351409912
3159    206.061304016113
3162    206.051235961914
3165    206.033443908691
3168    206.028624877929
3171    206.054335632324
3174    206.109263610839
3177    206.169941558837
3180    206.249509277343
3183    206.311031951904
3186    206.367745361328
3189    206.424449920654
3192    206.451521148681
3195    206.480684356689
3198    206.505146179199
3201    206.516860656738
3204    206.52068572998
3207    206.526390686035
3210    206.535213928222
3213    206.568237762451
3216    206.616857910156
3219    206.687673187255
3222    206.792725982666
3225    206.91557067871
3228    207.099785766601
3231    207.368476409912
3234    207.72783416748
3237    208.143861083984
3240    208.594858703613
3243    209.063502044677
3246    209.577588806152
3249    210.162215423583
3252    210.813455505371
3255    211.523446655273
3258    212.202055511474
3261    212.805129394531
3264    213.315655670165
3267    213.774290618896
3270    214.235776214599
3273    214.691743927001
3276    215.118449707031
3279    215.482840576171
3282    215.785084075927
3285    216.02366821289
3288    216.249004821777
3291    216.485468444824
3294    216.726577606201
3297    216.965975646972
3300    217.163732757568
3303    217.351490325927
3306    217.518730316162
3309    217.676230163574
3312    217.830497741699
3315    217.97320739746
3318    218.104210510253
3321    218.224282836914
3324    218.34193862915
3327    218.457176208496
3330    218.583450927734
3333    218.694484252929
3336    218.804260253906
3339    218.904398345947
3342    219.003787994384
3345    219.106853790283
3348    219.220617065429
3351    219.339486083984
3354    219.462076110839
3357    219.58976486206
3360    219.722634124755
3363    219.876532592773
3366    220.045973510742
3369    220.224683074951
3372    220.396542358398
3375    220.580980529785
3378    220.770948638916
3381    220.956756439209
3384    221.142699432373
3387    221.333375854492
3390    221.525151367187
3393    221.732681274414
3396    221.975178833007
3399    222.238451995849
3402    222.522555999755
3405    222.8020362854
3408    223.063122253418
3411    223.339981994629
3414    223.625181274414
3417    223.900855560302
3420    224.168386383056
3423    224.413687591552
3426    224.613675079345
3429    224.779010925292
3432    224.928004608154
3435    225.063336029052
3438    225.203366394042
3441    225.322422637939
3444    225.427060394286
3447    225.528945617675
3450    225.623945465087
3453    225.715308227538
3456    225.799341430663
3459    225.896917419433
3462    225.996435394287
3465    226.111175689697
3468    226.222959747314
3471    226.332255554199
3474    226.434972534179
3477    226.526790618896
3480    226.617362823486
3483    226.69486251831
3486    226.777212829589
3489    226.867721862793
3492    226.955392150878
3495    227.025919036865
3498    227.09182647705
3501    227.139710388183
3504    227.181715240478
3507    227.230175628662
3510    227.275305633544
3513    227.3353616333
3516    227.393319091796
3519    227.444082183837
3522    227.4895022583
3525    227.530830230712
3528    227.567915496826
3531    227.638923187255
3534    227.715384979247
3537    227.785608367919
3540    227.86955581665
3543    227.943102111816
3546    228.037476043701
3549    228.134562835693
3552    228.252174377441
3555    228.358509216308
3558    228.461718902587
3561    228.561114196777
3564    228.678249664306
3567    228.825961456298
3570    228.969327087402
3573    229.116565246582
3576    229.234904327392
3579    229.341258087158
3582    229.452538452148
3585    229.584542999267
3588    229.722869262695
3591    229.848602600097
3594    229.956033630371
3597    230.060975036621
3600    230.164298553466
3603    230.267246398925
3606    230.404725036621
3609    230.548399658203
3612    230.662878112792
3615    230.769922027587
3618    230.883731994628
3621    231.003932189941
3624    231.136624450683
3627    231.250513610839
3630    231.355536499023
3633    231.460232086181
3636    231.528167877197
3639    231.583431091308
3642    231.646436309814
3645    231.728360900878
3648    231.82850616455
3651    231.941899719238
3654    232.049232788086
3657    232.158708648681
3660    232.265039672851
3663    232.374091186523
3666    232.506388549804
3669    232.664711761474
3672    232.816604156494
3675    232.972517852783
3678    233.113123931884
3681    233.236821746826
3684    233.373857574462
3687    233.521089782714
3690    233.695776214599
3693    233.879471435546
3696    234.060988464355
3699    234.225866699218
3702    234.40919265747
3705    234.592918701171
3708    234.781707611084
3711    234.994715270996
3714    235.212248687744
3717    235.422524414062
3720    235.626260375976
3723    235.837335815429
3726    236.062596588134
3729    236.302022247314
3732    236.553014068603
3735    236.816677856445
3738    237.090505371093
3741    237.373000488281
3744    237.666484832763
3747    237.993987579345
3750    238.31968887329
3753    238.635524749755
3756    238.933689270019
3759    239.226988372802
3762    239.520071716308
3765    239.798487701416
3768    240.0800831604
3771    240.340652923583
3774    240.569486541748
3777    240.775146026611
3780    241.003021850585
3783    241.264187774658
3786    241.542717895507
3789    241.863092498779
3792    242.225961456298
3795    242.642244720459
3798    243.099435577392
3801    243.613068084716
3804    244.204180297851
3807    244.839266662597
3810    245.521507568359
3813    246.228281097412
3816    246.988258361816
3819    247.769636383056
3822    248.539838104248
3825    249.305485076904
3828    250.11094833374
3831    250.913005523681
3834    251.698479156494
3837    252.483227233886
3840    253.274682769775
3843    254.045713500976
3846    254.78136428833
3849    255.481864776611
3852    256.204407348632
3855    256.892903747558
3858    257.480853424072
3861    258.00768371582
3864    258.501186523437
3867    258.9195022583
3870    259.248792724609
3873    259.542659912109
3876    259.81405670166
3879    260.037323303222
3882    260.178639831543
3885    260.287312316894
3888    260.443225708007
3891    260.628883666992
3894    260.795532531738
3897    260.97198272705
3900    261.14629333496
3903    261.271595153808
3906    261.357210083007
3909    261.481824035644
3912    261.63970123291
3915    261.815487060546
3918    261.943214416503
3921    262.038361206054
3924    262.102901611328
3927    262.129602661132
3930    262.147380981445
3933    262.187263183593
3936    262.233096923828
3939    262.237050170898
3942    262.199998474121
3945    262.139977416992
3948    262.077180786132
3951    262.001253662109
3954    261.937871398925
3957    261.923347167968
3960    261.924241638183
3963    261.927661743164
3966    261.919639587402
3969    261.916867980957
3972    261.926052246093
3975    261.947127685547
3978    261.976979675293
3981    262.029967346191
3984    262.101591796875
3987    262.19546508789
3990    262.344541015625
3993    262.553555603027
3996    262.798182067871
3999    263.076743164062
4002    263.376564331054
4005    263.714327087402
4008    264.078153076171
4011    264.467250061035
4014    264.874443054199
4017    265.267885437011
4020    265.625811157226
4023    265.937701110839
4026    266.23828338623
4029    266.513769226074
4032    266.782596130371
4035    267.012916564941
4038    267.209313049316
4041    267.363989257812
4044    267.490698242187
4047    267.598501586914
4050    267.675824279785
4053    267.744484863281
4056    267.799664001464
4059    267.8499710083
4062    267.891602478027
4065    267.961770019531
4068    268.042063293457
4071    268.118599243164
4074    268.176807556152
4077    268.232322998046
4080    268.287937316894
4083    268.353921813964
4086    268.431149291992
4089    268.51737121582
4092    268.609517211914
4095    268.705088500976
4098    268.804077453613
4101    268.92595916748
4104    269.079315490722
4107    269.243217468261
4110    269.417911376953
4113    269.587846069335
4116    269.767854003906
4119    269.949522399902
4122    270.13479888916
4125    270.277015380859
4128    270.416928405761
4131    270.546934814453
4134    270.675279541015
4137    270.804049072265
4140    270.935062866211
4143    271.087510681152
4146    271.258793640136
4149    271.441345520019
4152    271.620419921874
4155    271.811052551269
4158    271.984065856933
4161    272.149131774902
4164    272.310348815918
4167    272.483723449707
4170    272.661950988769
4173    272.83502166748
4176    272.996378173828
4179    273.142681884765
4182    273.283985595703
4185    273.427079162597
4188    273.586307678222
4191    273.755939331054
4194    273.923037109374
4197    274.088960571289
4200    274.257006225585
4203    274.408512878418
4206    274.544142456054
4209    274.679296874999
4212    274.814121093749
4215    274.945451049804
4218    275.077181091308
4221    275.224707641601
4224    275.370500488281
4227    275.501185913085
4230    275.619530639648
4233    275.749950866699
4236    275.8990725708
4239    276.047237548828
4242    276.186393737793
4245    276.339389953613
4248    276.498049316406
4251    276.643321838379
4254    276.794646911621
4257    276.967210998535
4260    277.157153930664
4263    277.367273864746
4266    277.575869750976
4269    277.811969909668
4272    278.053022460937
4275    278.279901733398
4278    278.484556579589
4281    278.685503540039
4284    278.889799499511
4287    279.073566894531
4290    279.246536254882
4293    279.394209594726
4296    279.526628723144
4299    279.631878967285
4302    279.746762390136
4305    279.869130554199
4308    280.013513488769
4311    280.164093322754
4314    280.318125305175
4317    280.499112243652
4320    280.692219848632
4323    280.906181030273
4326    281.142380981445
4329    281.41100982666
4332    281.713750610351
4335    282.080122375488
4338    282.502720336914
4341    282.974562988281
4344    283.489626159668
4347    284.048944702148
4350    284.65478149414
4353    285.281151428222
4356    285.938155822753
4359    286.61291809082
4362    287.283349304199
4365    287.914871520996
4368    288.507940063476
4371    289.065711669921
4374    289.581466064453
4377    290.057980041503
4380    290.499590454101
4383    290.908639526367
4386    291.271586914062
4389    291.613561096191
4392    291.925401611328
4395    292.198928222656
4398    292.441336669921
4401    292.626593933105
4404    292.771355895996
4407    292.890021972656
4410    293.007409057617
4413    293.150165100097
4416    293.324808044433
4419    293.513376770019
4422    293.704333496093
4425    293.946874084472
4428    294.225943298339
4431    294.547004699707
4434    294.928457946777
4437    295.339610900878
4440    295.735447692871
4443    296.116696472168
4446    296.473733520507
4449    296.808789367675
4452    297.154741210937
4455    297.487931518554
4458    297.793430480957
4461    298.122200012207
4464    298.439029235839
4467    298.752777709961
4470    299.073845825195
4473    299.401324157714
4476    299.750733337402
4479    300.137244567871
4482    300.567474365234
4485    301.015906982421
4488    301.483178100585
4491    301.955711975097
4494    302.45077178955
4497    302.986820983886
4500    303.553965759277
4503    304.165911254882
4506    304.777199096679
4509    305.373778381347
4512    305.959987487793
4515    306.521409912109
4518    307.082712097168
4521    307.643041687011
4524    308.200360717773
4527    308.725916442871
4530    309.216861572265
4533    309.664871520996
4536    310.08742980957
4539    310.468739013671
4542    310.809056091308
4545    311.151604309082
4548    311.476542358398
4551    311.790014038086
4554    312.064859313964
4557    312.30188873291
4560    312.546311340332
4563    312.771786193847
4566    313.006709594726
4569    313.238377380371
4572    313.442669067382
4575    313.610418701171
4578    313.765287475585
4581    313.880397644042
4584    313.976251831054
4587    314.061469726562
4590    314.114364929199
4593    314.145711669921
4596    314.139908142089
4599    314.141224060058
4602    314.147456359863
4605    314.169920959472
4608    314.197609863281
4611    314.242501220703
4614    314.300417175293
4617    314.363641357421
4620    314.438774108886
4623    314.528803710937
4626    314.643448181152
4629    314.752939147949
4632    314.873895874023
4635    314.998526000976
4638    315.126832885742
4641    315.257015075683
4644    315.393975524902
4647    315.538222961425
4650    315.686958007812
4653    315.838108520507
4656    315.99323059082
4659    316.147967529296
4662    316.306627807617
4665    316.471415100097
4668    316.635716552734
4671    316.791522521972
4674    316.940525817871
4677    317.087240600585
4680    317.216507873535
4683    317.330389404296
4686    317.424001159668
4689    317.511230163574
4692    317.595684814453
4695    317.665779418945
4698    317.728717346191
4701    317.795427856445
4704    317.840076293945
4707    317.858422851562
4710    317.865412902832
4713    317.877458496093
4716    317.859218444824
4719    317.795373840332
4722    317.692985534668
4725    317.556700134277
4728    317.412040710449
4731    317.235977172851
4734    317.046244812011
4737    316.820774230957
4740    316.5709375
4743    316.271445007324
4746    315.985331726074
4749    315.794812927246
4752    315.623589477539
4755    315.439551086425
4758    315.223034667968
4761    315.001929626464
4764    314.817550659179
4767    314.696701049804
4770    314.628475646972
4773    314.652034606933
4776    314.717152404785
4779    314.743542480468
4782    314.776990966796
4785    314.890731201171
4788    315.062093811035
4791    315.226030883789
4794    315.391497192382
4797    315.600069885254
4800    315.828563232422
4803    316.014783325195
4806    316.191944274902
4809    316.377203063964
4812    316.575003967285
4815    316.728475646972
4818    316.869890136718
4821    317.066417846679
4824    317.266844787597
4827    317.435799865722
4830    317.593855285644
4833    317.765196838379
4836    317.93944946289
4839    318.10509185791
4842    318.283372802734
4845    318.481016235351
4848    318.693363952636
4851    318.920108337402
4854    319.166945800781
4857    319.42283416748
4860    319.688309020996
4863    319.94950592041
4866    320.212919311523
4869    320.479085388183
4872    320.732897338867
4875    320.997113952636
4878    321.276362915039
4881    321.551557312011
4884    321.823018188476
4887    322.097041015625
4890    322.364210510254
4893    322.652207641601
4896    322.947674560547
4899    323.249750976562
4902    323.563570861816
4905    323.871838989258
4908    324.158800659179
4911    324.446427612304
4914    324.727112121582
4917    324.998538208007
4920    325.267012329101
4923    325.53319366455
4926    325.785042419433
4929    326.022073669433
4932    326.244846801757
4935    326.466600646972
4938    326.699427185058
4941    326.923529968261
4944    327.150206909179
4947    327.378077087402
4950    327.606415710449
4953    327.819513244629
4956    328.040192871093
4959    328.258578796386
4962    328.482830810546
4965    328.712913208007
4968    328.937572631836
4971    329.167323303222
4974    329.383630065917
4977    329.587124633789
4980    329.785955810546
4983    329.991169433593
4986    330.201576843261
4989    330.427966613769
4992    330.666192932129
4995    330.897316589355
4998    331.127011108398
5001    331.344565124511
5004    331.553092041015
5007    331.772590026855
5010    332.017676086425
5013    332.291235656738
5016    332.593633117675
5019    332.918388366699
5022    333.244979248046
5025    333.549288940429
5028    333.832529907226
5031    334.117764587402
5034    334.404994506836
5037    334.668385314941
5040    334.880606384277
5043    335.044998779296
5046    335.17457458496
5049    335.264736022949
5052    335.339834899902
5055    335.432654418945
5058    335.546707763671
5061    335.663029174804
5064    335.793146057128
5067    335.935908203125
5070    336.120491333007
5073    336.324197387695
5076    336.53003540039
5079    336.753039855957
5082    336.980066833496
5085    337.201091308593
5088    337.420426330566
5091    337.642706909179
5094    337.878639221191
5097    338.122286376953
5100    338.361770629882
5103    338.603684082031
5106    338.849812316894
5109    339.115610961914
5112    339.393443298339
5115    339.699835815429
5118    340.010618896484
5121    340.337624816894
5124    340.697558288574
5127    341.055167541503
5130    341.412687072753
5133    341.771371459961
5136    342.147037353515
5139    342.512098693847
5142    342.874930114746
5145    343.218462219238
5148    343.570859069824
5151    343.900076293945
5154    344.202995605468
5157    344.516080017089
5160    344.83408996582
5163    345.150656738281
5166    345.473283691406
5169    345.80211730957
5172    346.143133544921
5175    346.50871887207
5178    346.892714538574
5181    347.304885559082
5184    347.719024658203
5187    348.138215942382
5190    348.577686767578
5193    349.08470336914
5196    349.607268066406
5199    350.182765808105
5202    350.841467590332
5205    351.588667602539
5208    352.413087463378
5211    353.264740905761
5214    354.116067810058
5217    354.951751098632
5220    355.806161193847
5223    356.62562133789
5226    357.483661499023
5229    358.283026733398
5232    359.042404174804
5235    359.781001892089
5238    360.499615173339
5241    361.24109802246
5244    362.029725952148
5247    362.828778686523
5250    363.644241027831
5253    364.471502685546
5256    365.324560546874
5259    366.239498596191
5262    367.14319732666
5265    368.007668457031
5268    368.862980957031
5271    369.828598937988
5274    370.869450683593
5277    372.036562499999
5280    373.272329101562
5283    374.541938781738
5286    375.781425476074
5289    377.024312438964
5292    378.329886169433
5295    379.68586730957
5298    381.053446044921
5301    382.342300720214
5304    383.58182434082
5307    384.741691284179
5310    385.843555297851
5313    386.926490783691
5316    387.978259582519
5319    388.998948669433
5322    389.980740661621
5325    390.945157775878
5328    391.918341369628
5331    392.863470153808
5334    393.79674621582
5337    394.75036743164
5340    395.705059204101
5343    396.655225830078
5346    397.584099426269
5349    398.527068176269
5352    399.450278930664
5355    400.309664611816
5358    401.080867614746
5361    401.773989562988
5364    402.360368347167
5367    402.891093139648
5370    403.348113098144
5373    403.748192138671
5376    404.1183694458
5379    404.406364440917
5382    404.649691162109
5385    404.89130279541
5388    405.119489746093
5391    405.359283752441
5394    405.613438110351
5397    405.846450195312
5400    406.062610473632
5403    406.285989990234
5406    406.500294494628
5409    406.714247436523
5412    406.922039794921
5415    407.095073242187
5418    407.26476196289
5421    407.403022460937
5424    407.512947082519
5427    407.611720581054
5430    407.667289123535
5433    407.701754760742
5436    407.761928710937
5439    407.820918884277
5442    407.858343505859
5445    407.862249450683
5448    407.828611145019
5451    407.773564453125
5454    407.7167678833
5457    407.641052246093
5460    407.567934875488
5463    407.479007873535
5466    407.358085021972
5469    407.227317199707
5472    407.078130493164
5475    406.926354980468
5478    406.798596496582
5481    406.705278015136
5484    406.636889343261
5487    406.573469848632
5490    406.556724243164
5493    406.541877441406
5496    406.523657836914
5499    406.51264678955
5502    406.535168457031
5505    406.60246307373
5508    406.645130615234
5511    406.689529418945
5514    406.748931274414
5517    406.80435546875
5520    406.846883239746
5523    406.897472534179
5526    406.946395568847
5529    407.023482971191
5532    407.088984985351
5535    407.124443359375
5538    407.174622497558
5541    407.243559265136
5544    407.323634643554
5547    407.416319274902
5550    407.486032714843
5553    407.576090393066
5556    407.678880004882
5559    407.766406249999
5562    407.85734802246
5565    407.977232971191
5568    408.12077545166
5571    408.247572937011
5574    408.376288757324
5577    408.514771423339
5580    408.680017700195
5583    408.833140563964
5586    408.965450134277
5589    409.061374816894
5592    409.129813842773
5595    409.204312438964
5598    409.269175720214
5601    409.338507690429
5604    409.386314086914
5607    409.429836730957
5610    409.481998596191
5613    409.522939147949
5616    409.574542236328
5619    409.646519165039
5622    409.707302551269
5625    409.723857421875
5628    409.704800109863
5631    409.648377685547
5634    409.599453125
5637    409.524915161132
5640    409.413151855468
5643    409.284749450683
5646    409.166253967285
5649    409.042222595214
5652    408.941651916503
5655    408.85532836914
5658    408.7794921875
5661    408.710975646972
5664    408.617180175781
5667    408.527307739257
5670    408.465079650878
5673    408.404108886718
5676    408.327745361328
5679    408.269372558593
5682    408.233799438476
5685    408.211690673828
5688    408.211401672363
5691    408.217086486816
5694    408.226220092773
5697    408.242917175292
5700    408.259453124999
5703    408.290826110839
5706    408.346112670898
5709    408.40500213623
5712    408.451001281738
5715    408.489617614746
5718    408.529667663574
5721    408.589025268554
5724    408.665220031738
5727    408.766002197265
5730    408.869953613281
5733    408.97771697998
5736    409.073862304687
5739    409.174553833007
5742    409.286141967773
5745    409.398284301757
5748    409.489841308593
5751    409.550354309082
5754    409.567926330566
5757    409.557727966308
5760    409.518592224121
5763    409.454110717773
5766    409.382147827148
5769    409.298500671386
5772    409.187774963379
5775    409.091354064941
5778    409.026377563476
5781    408.977210998535
5784    408.948890991211
5787    408.927742919922
5790    408.928617858886
5793    408.935179748535
5796    408.91298828125
5799    408.850526733398
5802    408.758440856933
5805    408.638910522461
5808    408.506201171875
5811    408.365599060058
5814    408.234379577636
5817    408.108829345703
5820    407.975512695312
5823    407.857581787109
5826    407.790654907226
5829    407.748746032714
5832    407.743563537597
5835    407.752743225097
5838    407.764228515624
5841    407.777688903808
5844    407.793952636718
5847    407.793859252929
5850    407.790625305175
5853    407.777442626953
5856    407.744618835449
5859    407.717665710449
5862    407.698298034667
5865    407.682442932128
5868    407.670266113281
5871    407.678707580566
5874    407.696440429687
5877    407.729814453124
5880    407.761988220214
5883    407.806360168456
5886    407.850786743164
5889    407.889729309082
5892    407.91734008789
5895    407.9446194458
5898    407.946215515136
5901    407.927718200683
5904    407.884416503906
5907    407.831221618652
5910    407.790782470703
5913    407.753471069335
5916    407.721925659179
5919    407.707839660644
5922    407.711788635254
5925    407.713504943847
5928    407.729726257324
5931    407.761105957031
5934    407.796370239257
5937    407.829864196777
5940    407.850966796875
5943    407.847598266601
5946    407.834462280273
5949    407.816851196288
5952    407.786062927246
5955    407.763291931152
5958    407.738436279296
5961    407.685261535644
5964    407.626036071777
5967    407.575537719726
5970    407.531926879882
5973    407.510360717773
5976    407.490657043457
5979    407.448533020019
5982    407.370184020996
5985    407.246012268066
5988    407.095237426757
5991    406.952994079589
5994    406.824042358398
5997    406.68354309082
6000    406.537875366211
6003    406.37076965332
6006    406.172785644531
6009    405.981046752929
6012    405.824212341308
6015    405.706190795898
6018    405.626420288086
6021    405.550386352539
6024    405.459590148925
6027    405.367129516601
6030    405.27154296875
6033    405.187204895019
6036    405.134549865722
6039    405.086960754394
6042    405.021378479004
6045    404.936550292968
6048    404.827447814941
6051    404.723320007324
6054    404.645766296386
6057    404.579447631835
6060    404.51131072998
6063    404.426159973144
6066    404.316907348632
6069    404.200434875488
6072    404.07538482666
6075    403.944262390136
6078    403.815162048339
6081    403.696823730468
6084    403.580139770507
6087    403.469684753417
6090    403.356919860839
6093    403.251985778808
6096    403.164243164062
6099    403.091235656738
6102    403.045346069335
6105    403.026833190918
6108    403.020391845703
6111    403.017855224609
6114    403.009125061035
