-7.759466657291126523e+01
-7.620114188192000881e+01
-7.481943444324734571e+01
-7.344955277311447617e+01
-7.209150538774255779e+01
-7.074530080335276239e+01
-6.941094753616620494e+01
-6.808845410240408569e+01
-6.677782901828756223e+01
-6.547908080003777798e+01
-6.419221796387591894e+01
-6.291724902602312852e+01
-6.165418250270057854e+01
-6.040302691012942660e+01
-5.916379076453083030e+01
-5.793648258212595437e+01
-5.672111087913595640e+01
-5.551768417178202242e+01
-5.432621097628528162e+01
-5.314669980886689871e+01
-5.197915918574805971e+01
-5.082359762314990093e+01
-4.968002363729360127e+01
-4.854844574440031124e+01
-4.742887246069120266e+01
-4.632131230238741182e+01
-4.522577378571013185e+01
-4.414226542688051325e+01
-4.307079574211971362e+01
-4.201137324764889769e+01
-4.096400645968923016e+01
-3.992870389446186152e+01
-3.890547406818795650e+01
-3.789432549708868692e+01
-3.689526669738520326e+01
-3.590830618529867024e+01
-3.493345247705025258e+01
-3.397071408886111499e+01
-3.302009953695240085e+01
-3.208161733754528910e+01
-3.115527600686094445e+01
-3.024108406112051384e+01
-2.933905001654516909e+01
-2.844918238935606425e+01
-2.757148969577436759e+01
-2.670598045202124027e+01
-2.585266317431783634e+01
-2.501154637888532051e+01
-2.418263858194486460e+01
-2.336594829971761555e+01
-2.256148404842473809e+01
-2.176925434428740402e+01
-2.098926770352676385e+01
-2.022153264236398584e+01
-1.946605767702022405e+01
-1.872285132371664673e+01
-1.799192209867441150e+01
-1.727327851811468307e+01
-1.656692909825862259e+01
-1.587288235532738767e+01
-1.519114680554214480e+01
-1.452173096512405159e+01
-1.386464335029427097e+01
-1.321989247727396766e+01
-1.258748686228429925e+01
-1.196743502154642691e+01
-1.135974547128151357e+01
-1.076442672771072395e+01
-1.018148730705521210e+01
-9.610935725536142726e+00
-9.052780499374684098e+00
-8.507030144791988491e+00
-7.973693178009221505e+00
-7.452778115247544299e+00
-6.944293472728119809e+00
-6.448247766672105641e+00
-5.964649513300666506e+00
-5.493507228834963563e+00
-5.034829429496158859e+00
-4.579601239721969641e+00
-4.117564248953603290e+00
-3.651635553503696840e+00
-3.184798102903072081e+00
-2.720034846682553464e+00
-2.260328734372962778e+00
-1.808662715505121810e+00
-1.368019739609855456e+00
-9.413827562179861719e-01
-5.317347148603351892e-01
-1.420585650677275713e-01
2.246627436290153379e-01
5.654462616990700852e-01
8.773090396116143275e-01
1.157268127835824778e+00
1.402340576840878539e+00
1.609543437095952934e+00
1.775893759070225286e+00
1.898408593232872477e+00
1.974104990053071607e+00
2.000000000000000000e+00
1.999990740740740458e+00
1.999925925925925441e+00
1.999750000000000139e+00
1.999407407407406634e+00
1.998842592592591894e+00
1.998000000000000442e+00
1.996824074074074362e+00
1.995259259259259066e+00
1.993250000000000410e+00
1.990740740740741144e+00
1.987675925925926679e+00
1.984000000000001096e+00
1.979657407407409142e+00
1.974592592592594231e+00
1.968750000000001776e+00
1.962074074074076746e+00
1.954509259259262333e+00
1.946000000000003727e+00
1.936490740740744787e+00
1.925925925925930482e+00
1.914250000000005114e+00
1.901407407407412986e+00
1.887342592592598622e+00
1.872000000000006992e+00
1.855324074074081508e+00
1.837259259259267363e+00
1.817750000000009081e+00
1.796740740740750519e+00
1.774175925925936648e+00
1.750000000000011324e+00
1.724157407407419518e+00
1.696592592592605753e+00
1.667250000000014110e+00
1.636074074074089335e+00
1.603009259259275510e+00
1.568000000000017380e+00
1.530990740740759026e+00
1.491925925925945640e+00
1.450750000000020856e+00
1.407407407407429423e+00
1.361842592592615864e+00
1.314000000000024704e+00
1.263824074074100023e+00
1.211259259259286569e+00
1.156250000000029088e+00
1.098740740740771216e+00
1.038675925925957921e+00
9.760000000000336184e-01
9.106574074074427205e-01
8.425925925926295301e-01
7.717500000000387939e-01
6.980740740741145922e-01
6.215092592593016718e-01
5.420000000000443352e-01
4.594907407407869959e-01
3.739259259259742341e-01
2.852500000000503522e-01
1.934074074074598748e-01
9.834259259264721553e-02
5.684341886080747844e-14
