-7.758416418495014000e+01
-7.618022219793108718e+01
-7.478818784386643870e+01
-7.340807492767983433e+01
-7.203989725429499913e+01
-7.068366862863544497e+01
-6.933940285562491113e+01
-6.800711374018696631e+01
-6.668681508724532137e+01
-6.537852070172354502e+01
-6.408224438854534810e+01
-6.279799995263429935e+01
-6.152580119891408827e+01
-6.026566193230833335e+01
-5.901759595774068146e+01
-5.778161708013475106e+01
-5.655773910441421037e+01
-5.534597583550271338e+01
-5.414634107832383592e+01
-5.295884863780128171e+01
-5.178351231885866213e+01
-5.062034592641960984e+01
-4.946936326540778595e+01
-4.833057814074679470e+01
-4.720400435736033273e+01
-4.608965572017199008e+01
-4.498754603410542785e+01
-4.389768910408426450e+01
-4.282009873503217534e+01
-4.175478873187278595e+01
-4.070177289952972899e+01
-3.966106504292663715e+01
-3.863267896698715731e+01
-3.761662847663492926e+01
-3.661292737679359277e+01
-3.562158947238678763e+01
-3.464262856833816784e+01
-3.367605846957135185e+01
-3.272189298100997235e+01
-3.178014590757770819e+01
-3.085083105419817429e+01
-2.993396222579498911e+01
-2.902955322729183152e+01
-2.813761786361230932e+01
-2.725816993968009427e+01
-2.639122326041879774e+01
-2.553679163075206304e+01
-2.469488885560354774e+01
-2.386552873989688095e+01
-2.304872508855568825e+01
-2.224449170650363072e+01
-2.145284239866433751e+01
-2.067379096996145194e+01
-1.990735122531861379e+01
-1.915353696965945218e+01
-1.841236200790762467e+01
-1.768384014498676038e+01
-1.696798518582050264e+01
-1.626481093533248412e+01
-1.557433119844634994e+01
-1.489655978008573811e+01
-1.423151048517428841e+01
-1.357919711863564416e+01
-1.293963348539344338e+01
-1.231283339037132052e+01
-1.169881063849291891e+01
-1.109757903468188189e+01
-1.050915238386184569e+01
-9.933544490956442985e+00
-9.370769160889322436e+00
-8.820840198584125602e+00
-8.283771408964486938e+00
-7.759576596954045336e+00
-7.248269567476443243e+00
-6.749864125455317776e+00
-6.263371430454342637e+00
-5.787901523768362644e+00
-5.323616532917770705e+00
-4.870678585422957951e+00
-4.421128756199221854e+00
-3.965888938664996033e+00
-3.507738982423000529e+00
-3.049518004972326946e+00
-2.594065123812061557e+00
-2.144219456441294636e+00
-1.702820120359114453e+00
-1.272706233064610615e+00
-8.567169120568713936e-01
-4.576912748349850624e-01
-7.846843889804225314e-02
2.781124782548695662e-01
6.092123591246610959e-01
9.119920862122435912e-01
1.183612542018527947e+00
1.421234609044425667e+00
1.622019169790847481e+00
1.783127106758704894e+00
1.901719302448908966e+00
1.974956639362369870e+00
2.000000000000000000e+00
1.999990740740740680e+00
1.999925925925925441e+00
1.999750000000000139e+00
1.999407407407406634e+00
1.998842592592592116e+00
1.998000000000000664e+00
1.996824074074074362e+00
1.995259259259259066e+00
1.993250000000000188e+00
1.990740740740740922e+00
1.987675925925926901e+00
1.984000000000001318e+00
1.979657407407409142e+00
1.974592592592594231e+00
1.968750000000001332e+00
1.962074074074076746e+00
1.954509259259262333e+00
1.946000000000003727e+00
1.936490740740744787e+00
1.925925925925930482e+00
1.914250000000005114e+00
1.901407407407412986e+00
1.887342592592598844e+00
1.872000000000006992e+00
1.855324074074081953e+00
1.837259259259267363e+00
1.817750000000009525e+00
1.796740740740750741e+00
1.774175925925936870e+00
1.750000000000011102e+00
1.724157407407419296e+00
1.696592592592605531e+00
1.667250000000013888e+00
1.636074074074089335e+00
1.603009259259275510e+00
1.568000000000017380e+00
1.530990740740758804e+00
1.491925925925945640e+00
1.450750000000020856e+00
1.407407407407429423e+00
1.361842592592615864e+00
1.314000000000024704e+00
1.263824074074099801e+00
1.211259259259286347e+00
1.156250000000028866e+00
1.098740740740771216e+00
1.038675925925957921e+00
9.760000000000335074e-01
9.106574074074427205e-01
8.425925925926296411e-01
7.717500000000389049e-01
6.980740740741147032e-01
6.215092592593016718e-01
5.420000000000443352e-01
4.594907407407869959e-01
3.739259259259742896e-01
2.852500000000502967e-01
1.934074074074598748e-01
9.834259259264721553e-02
5.684341886080747844e-14
