-7.314330052273550109e+01
-6.749660467122153307e+01
-6.206084581957576063e+01
-5.683695734191594795e+01
-5.182587261235978815e+01
-4.702852500502497435e+01
-4.244584789402922098e+01
-3.807877465349027091e+01
-3.392823865752579593e+01
-2.999517328025354956e+01
-2.628051189579121427e+01
-2.278518787825650804e+01
-1.951013460176712755e+01
-1.645628544044081565e+01
-1.362457376839526013e+01
-1.101593295974817721e+01
-8.631296388617283100e+00
-6.471597429120284239e+00
-4.526197989594069604e+00
-2.596793183720552456e+00
-7.727354674534292478e-01
7.325592759989333347e-01
1.705675163428168162e+00
1.973418418164150978e+00
1.999079253179296245e+00
1.994861558178896432e+00
1.984546958202908495e+00
1.965287895436527821e+00
1.934236812064947575e+00
1.888546150273362922e+00
1.825368352246967474e+00
1.741855860170955950e+00
1.635161116230522627e+00
1.502436562610860005e+00
1.340834641497165469e+00
1.147507795074631298e+00
9.196084655284522125e-01
6.542890950438219333e-01
3.487021258059355699e-01
-1.318798901295704602e-14
