-7.315535898984298058e+01
-6.752122180355358694e+01
-6.209818887818031641e+01
-5.688686065077173026e+01
-5.188783755837636136e+01
-4.710172003804272123e+01
-4.252910852681936404e+01
-3.817060346175481556e+01
-3.402680527989758730e+01
-3.009831441829624765e+01
-2.638573131399930105e+01
-2.288965640405529456e+01
-1.961069012551275037e+01
-1.654943291542020845e+01
-1.370648521082619631e+01
-1.108244744877924681e+01
-8.677920066327894588e+00
-6.493503500520669824e+00
-4.518055054605149223e+00
-2.552561714745686494e+00
-6.963352285063103553e-01
8.244796749551165371e-01
1.783738266480733969e+00
1.999987046399617219e+00
1.998976947976996099e+00
1.994356463820173175e+00
1.983356702529980753e+00
1.963208772707253136e+00
1.931143782952822185e+00
1.884392841867522428e+00
1.820187058052186169e+00
1.735757540107646602e+00
1.628335396634736920e+00
1.495151736234289652e+00
1.333437667507139102e+00
1.140424299054117574e+00
9.133427394760587070e-01
6.494240973737950284e-01
3.458994813481601760e-01
-1.307433726826316008e-14
